0.235091 0.676702 0.088208
0.196889 0.688910 0.114201
0.217416 0.679807 0.102777
0.232253 0.710537 0.057210
0.228742 0.693500 0.077759
0.212916 0.694951 0.092133
0.217088 0.694876 0.088035
0.205297 0.715257 0.079447
0.264851 0.709285 0.025864
0.217295 0.689088 0.093618
0.241349 0.682566 0.076085
0.171625 0.713838 0.114537
0.211000 0.689135 0.099866
0.240194 0.699616 0.060190
0.235159 0.696574 0.068266
0.242412 0.678809 0.078779
0.210070 0.701471 0.088459
0.147860 0.708502 0.143637
0.265327 0.701822 0.032851
0.238945 0.707495 0.053560
0.241097 0.703070 0.055832
0.187189 0.730040 0.082771
0.210367 0.685358 0.104275
0.237755 0.661971 0.100274
0.194339 0.695602 0.110059
0.000010 0.667334 0.332656
0.031518 0.641468 0.327013
0.000010 0.666350 0.333640
0.000010 0.658518 0.341472
0.000010 0.663550 0.336440
0.002523 0.656581 0.340895
0.000010 0.657545 0.342445
0.000010 0.660933 0.339057
0.000010 0.670699 0.329291
0.277981 0.709840 0.012178
0.304445 0.695545 0.000010
0.287684 0.690531 0.021784
0.284290 0.705189 0.010521
0.305276 0.671954 0.022770
0.268880 0.729013 0.002108
0.298807 0.695127 0.006065
0.293504 0.706486 0.000010
0.295817 0.689555 0.014628
0.293811 0.706179 0.000010
0.306631 0.693359 0.000010
0.285706 0.714203 0.000091
0.285629 0.697951 0.016420
0.000010 0.672297 0.327693
0.000010 0.658737 0.341253
0.000010 0.646928 0.353062
0.000010 0.669467 0.330523
0.000010 0.659017 0.340973
0.000010 0.661141 0.338849
0.000010 0.652867 0.347123
0.000010 0.675468 0.324522
0.000010 0.679868 0.320122
0.000010 0.693660 0.306330
0.000010 0.648449 0.351541
0.000010 0.655195 0.344795
0.000010 0.665142 0.334848
0.000010 0.666587 0.333403
0.000010 0.651231 0.348759
0.000010 0.675922 0.324068
0.000010 0.658149 0.341841
0.000010 0.667028 0.332962
0.148202 0.687006 0.164792
0.136072 0.714291 0.149637
0.147486 0.644706 0.207808
0.149289 0.666119 0.184592
0.127509 0.679921 0.192569
0.119398 0.687934 0.192668
0.164037 0.654259 0.181704
0.130383 0.673447 0.196170
0.145940 0.687644 0.166415
0.156284 0.700377 0.143340
0.137666 0.676387 0.185947
0.127610 0.688989 0.183400
0.143024 0.666279 0.190697
0.131179 0.681691 0.187130
0.133968 0.694377 0.171656
0.141176 0.657009 0.201815
0.169212 0.689012 0.141776
0.152894 0.677685 0.169421
0.131116 0.688068 0.180817
0.144924 0.671566 0.183510
0.095563 0.789568 0.114869
0.094861 0.812143 0.092995
0.089154 0.827899 0.082947
0.089999 0.796836 0.113164
0.088847 0.797282 0.113871
0.107308 0.801563 0.091129
0.084552 0.793931 0.121517
0.091908 0.799428 0.108665
0.115158 0.784492 0.100350
0.105924 0.789811 0.104265
0.108265 0.776508 0.115227
0.098473 0.790542 0.110985
0.112404 0.792633 0.094963
0.095109 0.796524 0.108366
0.091624 0.780290 0.128086
0.069293 0.802559 0.128148
0.094741 0.801907 0.103352
0.111333 0.769778 0.118889
0.097939 0.785932 0.116129
0.068448 0.815320 0.116232
0.203775 0.689170 0.107055
0.224613 0.682887 0.092501
0.255923 0.662716 0.081361
0.350167 0.649823 0.000010
0.230921 0.671785 0.097294
0.198849 0.702847 0.098304
0.253177 0.681374 0.065449
0.345422 0.654568 0.000010
0.190391 0.670802 0.138806
0.284861 0.686818 0.028321
0.264450 0.699663 0.035887
0.377285 0.622705 0.000010
0.191732 0.695602 0.112665
0.258202 0.684826 0.056973
0.282745 0.669833 0.047422
0.366580 0.633410 0.000010
0.208209 0.634073 0.157718
0.281275 0.668240 0.050485
0.342853 0.657137 0.000010
0.359582 0.640408 0.000010
0.234252 0.673511 0.092237
0.256079 0.704420 0.039501
0.337908 0.662082 0.000010
0.349577 0.650413 0.000010
0.188989 0.696578 0.114434
0.280769 0.686623 0.032608
0.365741 0.634249 0.000010
0.210003 0.692735 0.097263
0.242020 0.692880 0.065100
0.341132 0.658858 0.000010
0.334546 0.665444 0.000010
0.320315 0.679675 0.000010
0.294874 0.700047 0.005079
0.344641 0.655349 0.000010
0.324158 0.675488 0.000354
0.312474 0.670903 0.016623
0.345666 0.654324 0.000010
0.326594 0.673396 0.000010
0.346039 0.653951 0.000010
0.306712 0.687225 0.006063
0.363216 0.636774 0.000010
0.374976 0.625014 0.000010
0.322236 0.677754 0.000010
0.322130 0.677860 0.000010
0.357854 0.642136 0.000010
0.322633 0.677357 0.000010
0.301158 0.698832 0.000010
0.335280 0.664710 0.000010
0.308913 0.691077 0.000010
0.336256 0.663734 0.000010
0.353039 0.646951 0.000010
0.337242 0.662748 0.000010
0.311650 0.688340 0.000010
0.308651 0.687849 0.003500
0.313392 0.686598 0.000010
0.313763 0.686227 0.000010
0.340084 0.659906 0.000010
0.295081 0.704909 0.000010
0.351664 0.648326 0.000010
0.270759 0.701904 0.027336
0.289060 0.698661 0.012278
0.285656 0.714334 0.000010
0.308538 0.691452 0.000010
0.155516 0.653982 0.190502
0.270025 0.675117 0.054858
0.272106 0.727884 0.000010
0.294104 0.705886 0.000010
0.310677 0.689313 0.000010
0.138640 0.662576 0.198784
0.253303 0.713218 0.033479
0.273016 0.686941 0.040043
0.297203 0.702787 0.000010
0.287052 0.706625 0.006323
0.158652 0.645243 0.196105
0.260316 0.713813 0.025872
0.276215 0.685832 0.037953
0.289667 0.701731 0.008602
0.305086 0.694904 0.000010
0.142191 0.631815 0.225995
0.262761 0.691587 0.045652
0.281084 0.697031 0.021885
0.302150 0.697840 0.000010
0.304871 0.688968 0.006161
0.198154 0.634193 0.167653
0.287588 0.670464 0.041948
0.282774 0.669627 0.047599
0.252185 0.720003 0.027812
0.312045 0.681724 0.006231
0.270415 0.696651 0.032934
0.229937 0.715471 0.054592
0.293295 0.704919 0.001786
0.308441 0.691549 0.000010
0.283508 0.665970 0.050522
0.279222 0.702901 0.017877
0.305721 0.694269 0.000010
0.324555 0.666242 0.009203
0.158246 0.696757 0.144997
0.293150 0.687878 0.018972
0.293058 0.695863 0.011080
0.283038 0.716952 0.000010
0.291937 0.708053 0.000010
0.277400 0.661836 0.060764
0.253689 0.718525 0.027785
0.257905 0.678973 0.063122
0.250115 0.727992 0.021892
0.232699 0.737389 0.029912
0.244682 0.731722 0.023596
0.255279 0.707720 0.037001
0.139302 0.710220 0.150479
0.150798 0.723656 0.125547
0.148833 0.711760 0.139407
0.121072 0.716072 0.162856
0.151974 0.712781 0.135245
0.143173 0.707948 0.148879
0.132676 0.711852 0.155471
0.168784 0.646223 0.184993
0.160369 0.648195 0.191436
0.140441 0.724083 0.135476
0.136601 0.746297 0.117102
0.119220 0.773742 0.107039
0.123185 0.755596 0.121219
0.145180 0.700414 0.154406
0.138861 0.734269 0.126870
0.136567 0.657564 0.205869
0.134042 0.727112 0.138846
0.160031 0.704279 0.135690
0.161135 0.703117 0.135748
0.151592 0.701753 0.146656
0.169849 0.692510 0.137641
0.137076 0.688673 0.174250
0.137566 0.728547 0.133887
0.134635 0.714946 0.150418
0.159059 0.696385 0.144556
0.131376 0.739375 0.129249
0.147534 0.710772 0.141694
0.131345 0.680807 0.187847
0.130167 0.723560 0.146274
0.129246 0.681698 0.189056
0.121974 0.678329 0.199697
0.143464 0.718994 0.137541
0.124256 0.661553 0.214191
0.271072 0.702108 0.026820
0.259362 0.722604 0.018034
0.123079 0.760704 0.116216
0.132817 0.734776 0.132407
0.115135 0.725563 0.159302
0.145419 0.664275 0.190306
0.157773 0.706595 0.135632
0.132188 0.730234 0.137578
0.138068 0.685433 0.176499
0.121381 0.755173 0.123446
0.132815 0.706531 0.160654
0.119926 0.717536 0.162537
0.143544 0.645098 0.211359
0.154151 0.690409 0.155440
0.147099 0.672608 0.180294
0.150242 0.714058 0.135700
0.151437 0.649174 0.199388
0.132496 0.720256 0.147248
0.133195 0.728069 0.138736
0.124329 0.681498 0.194173
0.167728 0.688100 0.144172
0.127049 0.705468 0.167483
0.158762 0.691941 0.149297
0.123413 0.744153 0.132434
0.109067 0.762432 0.128501
0.121168 0.684243 0.194588
0.144721 0.718063 0.137216
0.296389 0.658728 0.044883
0.239717 0.681033 0.079251
0.289820 0.710170 0.000010
0.311926 0.688064 0.000010
0.276111 0.662348 0.061541
0.260055 0.681995 0.057950
0.159908 0.661140 0.178952
0.109677 0.786656 0.103666
0.238598 0.701124 0.060278
0.308089 0.675311 0.016601
0.275804 0.662673 0.061523
0.272094 0.719016 0.008890
0.310845 0.686277 0.002879
0.293376 0.706614 0.000010
0.234015 0.699070 0.066916
0.290099 0.709891 0.000010
0.159830 0.697408 0.142762
0.109730 0.773485 0.116785
0.198516 0.642310 0.159175
0.169047 0.668005 0.162948
0.312413 0.684145 0.003442
0.156385 0.692681 0.150933
0.239883 0.680922 0.079195
0.300933 0.699057 0.000010
0.132895 0.745287 0.121817
0.175752 0.652933 0.171315
0.244240 0.694967 0.060793
0.161890 0.656722 0.181388
0.254342 0.656029 0.089629
0.142858 0.725806 0.131336
0.124584 0.768416 0.107000
0.319876 0.680114 0.000010
0.232711 0.685320 0.081968
0.177062 0.676056 0.146883
0.166849 0.690075 0.143076
0.112724 0.783438 0.103838
0.158220 0.660184 0.181596
0.317159 0.682831 0.000010
0.112547 0.731734 0.155719
0.101147 0.789486 0.109367
0.068994 0.799470 0.131536
0.162823 0.707146 0.130030
0.164132 0.686977 0.148891
0.167064 0.646681 0.186254
0.187081 0.651501 0.161419
0.122466 0.751117 0.126417
0.099134 0.791201 0.109665
0.177974 0.661601 0.160425
0.175207 0.665587 0.159207
0.123286 0.740396 0.136318
0.155139 0.689770 0.155091
0.120783 0.763847 0.115370
0.097797 0.770130 0.132073
0.140776 0.672317 0.186907
0.161984 0.648386 0.189629
0.097057 0.772787 0.130156
0.172802 0.665809 0.161389
0.092004 0.804016 0.103979
0.402053 0.425056 0.172891
0.297439 0.516528 0.186033
0.000010 0.431289 0.568701
0.000010 0.000010 0.999980
0.000010 0.341382 0.658608
0.000010 0.000010 0.999980
0.000010 0.000010 0.999980
0.000010 0.000010 0.999980
0.000010 0.000010 0.999980
0.000010 0.000010 0.999980
0.000010 0.000010 0.999980
0.000010 0.000010 0.999980
0.000010 0.000010 0.999980
0.000010 0.000010 0.999980
0.000010 0.000010 0.999980
0.694029 0.000010 0.305961
0.000010 0.000010 0.999980
0.999980 0.000010 0.000010
0.000010 0.000010 0.999980
0.000010 0.000010 0.999980
0.000010 0.000010 0.999980
0.731704 0.000010 0.268286
0.689164 0.000010 0.310826
0.526500 0.173757 0.299742
0.663040 0.000010 0.336950
0.000010 0.000010 0.999980
0.999980 0.000010 0.000010
0.999980 0.000010 0.000010
0.999980 0.000010 0.000010
0.458754 0.281642 0.259604
0.552003 0.176793 0.271204
0.690535 0.000010 0.309455
0.489459 0.232489 0.278052
0.739275 0.000010 0.260715
0.682587 0.000010 0.317403
0.704575 0.000010 0.295415
0.629369 0.000010 0.370621
0.762301 0.000010 0.237689
0.879898 0.000010 0.120092
0.000010 0.000010 0.999980
0.000010 0.000010 0.999980
0.000010 0.000010 0.999980
0.999979 0.000011 0.000010
0.999980 0.000010 0.000010
0.999980 0.000010 0.000010
0.000010 0.000010 0.999980
0.000010 0.000010 0.999980
0.000010 0.000010 0.999980
0.000013 0.000010 0.999977
0.000010 0.000010 0.999980
0.000016 0.000010 0.999974
0.000010 0.000010 0.999980
0.000012 0.000010 0.999978
0.999980 0.000010 0.000010
0.999975 0.000015 0.000010
0.999980 0.000010 0.000010
0.999980 0.000010 0.000010
0.999980 0.000010 0.000010
0.999980 0.000010 0.000010
0.999980 0.000010 0.000010
0.000010 0.000010 0.999980
0.000010 0.327038 0.672952
0.000010 0.000010 0.999980
0.000010 0.000010 0.999980
0.551041 0.325791 0.123168
0.538475 0.364785 0.096740
0.676680 0.000010 0.323310
0.000010 0.422156 0.577834
0.000010 0.000010 0.999980
0.000010 0.000010 0.999980
0.343585 0.656405 0.000010
0.000010 0.527633 0.472357
