0.085802 0.000010 0.205407 0.000010 0.708771
0.119819 0.000010 0.167420 0.000010 0.712741
0.100554 0.000010 0.179532 0.000010 0.719894
0.046879 0.000020 0.200821 0.000010 0.752270
0.076225 0.004100 0.184707 0.000010 0.734958
0.075765 0.000010 0.183297 0.000010 0.740919
0.095093 0.001746 0.171976 0.000010 0.731175
0.082658 0.000010 0.170166 0.000010 0.747156
0.027662 0.000010 0.220067 0.000010 0.752251
0.079215 0.010538 0.173911 0.000010 0.736327
0.079291 0.000011 0.196317 0.000010 0.724371
0.116143 0.000010 0.144599 0.000010 0.739238
0.096819 0.000010 0.174084 0.000010 0.729077
0.059444 0.005049 0.209019 0.000010 0.726479
0.079040 0.007530 0.195777 0.000010 0.717644
0.073049 0.000010 0.218793 0.009423 0.698725
0.101260 0.000010 0.181776 0.000010 0.716944
0.119928 0.043714 0.109102 0.000010 0.727246
0.034140 0.000010 0.229152 0.000010 0.736688
0.036124 0.000010 0.196500 0.063748 0.703618
0.051965 0.009933 0.197850 0.000010 0.740242
0.079271 0.001253 0.149546 0.062626 0.707303
0.100607 0.006570 0.171959 0.000010 0.720854
0.098172 0.000010 0.184681 0.000010 0.717127
0.101270 0.056368 0.146775 0.000010 0.695576
0.302550 0.000010 0.000010 0.005645 0.691786
0.290629 0.000010 0.010532 0.019791 0.679038
0.292278 0.000010 0.000010 0.011238 0.696464
0.297777 0.000010 0.000010 0.015284 0.686918
0.299964 0.000010 0.000010 0.014535 0.685481
0.313021 0.000010 0.000010 0.000010 0.686949
0.295009 0.000010 0.000010 0.016970 0.688002
0.298262 0.000010 0.000010 0.015351 0.686367
0.305907 0.000010 0.000010 0.001704 0.692370
0.028086 0.000010 0.240043 0.000010 0.731852
0.000010 0.000010 0.263080 0.003279 0.733622
0.008999 0.001834 0.247509 0.000010 0.741649
0.013172 0.000010 0.236877 0.000010 0.749931
0.025239 0.000991 0.248099 0.000010 0.725661
0.000179 0.013318 0.217414 0.000010 0.769079
0.014694 0.002352 0.248255 0.000010 0.734689
0.001874 0.000010 0.242743 0.000010 0.755363
0.009052 0.001097 0.229193 0.000010 0.760648
0.016047 0.000010 0.241285 0.000010 0.742649
0.000010 0.000010 0.261213 0.000010 0.738757
0.009336 0.000010 0.239645 0.000010 0.750999
0.012089 0.020365 0.232226 0.000010 0.735311
0.290329 0.000010 0.000010 0.025575 0.684076
0.306976 0.000010 0.000010 0.000010 0.692994
0.309779 0.000010 0.000010 0.015589 0.674612
0.306824 0.000010 0.000010 0.010105 0.683050
0.315325 0.000010 0.000010 0.002635 0.682021
0.321015 0.000010 0.000010 0.000010 0.678955
0.312371 0.000010 0.000010 0.014441 0.673169
0.302906 0.000010 0.000010 0.004314 0.692760
0.289734 0.000010 0.000010 0.002969 0.707277
0.298749 0.000010 0.000010 0.000010 0.701221
0.311191 0.000010 0.000010 0.004623 0.684166
0.314390 0.000010 0.000010 0.018410 0.667180
0.299211 0.000010 0.000010 0.000010 0.700759
0.306359 0.000010 0.000010 0.000010 0.693611
0.322535 0.000010 0.000010 0.000010 0.677435
0.296105 0.000010 0.000010 0.000010 0.703865
0.313288 0.000010 0.000010 0.000010 0.686682
0.298388 0.000010 0.000010 0.008238 0.693355
0.149982 0.000010 0.128284 0.001411 0.720313
0.141834 0.000010 0.108369 0.000010 0.749777
0.134460 0.000010 0.140544 0.086896 0.638090
0.143276 0.016399 0.112141 0.035471 0.692713
0.149152 0.000010 0.118614 0.040318 0.691906
0.166261 0.000010 0.095770 0.010546 0.727413
0.164050 0.000010 0.137881 0.006678 0.691381
0.177137 0.000010 0.110119 0.000010 0.712724
0.139430 0.000010 0.120276 0.039613 0.700672
0.170011 0.000010 0.120086 0.000010 0.709883
0.163794 0.000010 0.119067 0.013956 0.703174
0.178474 0.000010 0.110228 0.000010 0.711278
0.158890 0.005504 0.119741 0.015203 0.700663
0.173618 0.000010 0.106560 0.000010 0.719801
0.154546 0.000010 0.108347 0.000010 0.737087
0.161648 0.000527 0.121532 0.013922 0.702372
0.150878 0.002345 0.120869 0.003409 0.722499
0.159623 0.000010 0.128141 0.018134 0.694092
0.178501 0.000010 0.103018 0.000010 0.718460
0.172119 0.000010 0.116204 0.000448 0.711220
0.130612 0.000010 0.067032 0.000010 0.802336
0.106008 0.000010 0.071683 0.000010 0.822289
0.099202 0.000010 0.081098 0.000010 0.819681
0.118281 0.005452 0.051706 0.000010 0.824551
0.120860 0.000010 0.070355 0.000010 0.808764
0.103600 0.000010 0.082766 0.000010 0.813614
0.132256 0.000010 0.064833 0.000010 0.802892
0.118219 0.000010 0.061984 0.000010 0.819776
0.102550 0.000010 0.089766 0.000010 0.807664
0.124229 0.000010 0.083960 0.000010 0.791791
0.111861 0.000010 0.085205 0.000010 0.802915
0.129031 0.000010 0.063873 0.000010 0.807077
0.109074 0.000010 0.083106 0.000010 0.807800
0.108160 0.047003 0.060385 0.000010 0.784441
0.132108 0.000010 0.053119 0.000010 0.814753
0.134793 0.012911 0.036922 0.000010 0.815364
0.117296 0.014109 0.060893 0.000010 0.807693
0.125674 0.000010 0.079601 0.000010 0.794704
0.119032 0.000010 0.064872 0.000010 0.816076
0.133685 0.000010 0.039339 0.000010 0.826956
0.099120 0.000010 0.169417 0.000010 0.731443
0.091001 0.000010 0.188964 0.000010 0.720016
0.073961 0.000010 0.219884 0.000010 0.706135
0.000010 0.000010 0.293456 0.000010 0.706514
0.081917 0.007424 0.178169 0.004333 0.728157
0.070531 0.000010 0.175690 0.067840 0.685930
0.053788 0.000010 0.218341 0.000010 0.727851
0.000010 0.000010 0.290711 0.000010 0.709259
0.094149 0.000010 0.177648 0.075882 0.652311
0.034476 0.000010 0.232757 0.000010 0.732746
0.025587 0.000010 0.225527 0.014474 0.734403
0.000010 0.000010 0.315465 0.000010 0.684505
0.090839 0.000010 0.168686 0.004017 0.736448
0.044608 0.000011 0.221104 0.000010 0.734268
0.057592 0.000010 0.247893 0.003181 0.691324
0.000010 0.000010 0.314429 0.000010 0.685541
0.148456 0.000010 0.175351 0.000010 0.676173
0.043815 0.007175 0.240791 0.000010 0.708209
0.000010 0.000010 0.290165 0.000010 0.709805
0.000010 0.000010 0.302125 0.000010 0.697845
0.092929 0.000010 0.200319 0.002220 0.704521
0.036116 0.000010 0.225589 0.000010 0.738275
0.000010 0.000010 0.288779 0.000010 0.711191
0.000010 0.000010 0.313788 0.000010 0.686182
0.102956 0.000010 0.158408 0.000010 0.738616
0.035319 0.000010 0.238594 0.000010 0.726067
0.000010 0.000010 0.304389 0.000010 0.695581
0.087332 0.000010 0.184864 0.000010 0.727784
0.063481 0.000010 0.211683 0.000010 0.724816
0.000010 0.000010 0.285863 0.000010 0.714107
0.000010 0.000010 0.289475 0.000010 0.710495
0.000010 0.000010 0.272223 0.000010 0.727747
0.000010 0.000010 0.226640 0.102215 0.671125
0.000010 0.000010 0.294873 0.000010 0.705097
0.000010 0.000010 0.272169 0.000010 0.727801
0.023566 0.000010 0.260929 0.000010 0.715486
0.000010 0.000010 0.295501 0.000010 0.704469
0.000010 0.000010 0.283144 0.000010 0.716826
0.000010 0.000010 0.295917 0.000010 0.704053
0.018706 0.000010 0.260129 0.000010 0.721146
0.000010 0.000010 0.307869 0.000010 0.692101
0.000010 0.000010 0.306979 0.000010 0.692991
0.000010 0.000010 0.282829 0.000010 0.717141
0.000010 0.000010 0.268330 0.000010 0.731640
0.000010 0.000010 0.298456 0.000010 0.701514
0.000010 0.000010 0.278785 0.000010 0.721185
0.000010 0.000010 0.261330 0.000010 0.738640
0.000010 0.000010 0.292591 0.000010 0.707379
0.000010 0.000010 0.263620 0.000010 0.736350
0.000010 0.000010 0.294625 0.000010 0.705345
0.000010 0.000010 0.304414 0.000010 0.695556
0.000010 0.000010 0.280506 0.000010 0.719464
0.004250 0.000010 0.265413 0.000010 0.730317
0.011767 0.000010 0.271547 0.000010 0.716667
0.000010 0.000010 0.279514 0.000010 0.720456
0.000010 0.000010 0.274635 0.000010 0.725335
0.000010 0.000010 0.291692 0.000010 0.708278
0.000015 0.000010 0.253673 0.000010 0.746292
0.000010 0.000010 0.297380 0.000010 0.702590
0.040249 0.000010 0.233280 0.000010 0.726451
0.019257 0.000012 0.244140 0.000010 0.736581
0.019985 0.000010 0.231155 0.000010 0.748841
0.000010 0.009772 0.247314 0.000010 0.742894
0.178106 0.000010 0.118997 0.005185 0.697702
0.046769 0.000010 0.238514 0.000010 0.714696
0.017064 0.000010 0.236501 0.000010 0.746415
0.000010 0.003323 0.241146 0.000010 0.755511
0.007594 0.000010 0.260036 0.000010 0.732350
0.177795 0.000010 0.110246 0.020192 0.691756
0.043537 0.000010 0.212847 0.000010 0.743596
0.034460 0.000010 0.237507 0.000010 0.728013
0.010865 0.000010 0.255079 0.000010 0.734036
0.021780 0.000010 0.245008 0.000010 0.733191
0.171456 0.004537 0.121920 0.011033 0.691054
0.012273 0.000010 0.225172 0.000010 0.762535
0.044899 0.000010 0.240311 0.000010 0.714771
0.023631 0.000010 0.237736 0.000010 0.738613
0.009275 0.000010 0.261132 0.000010 0.729572
0.189966 0.000010 0.109864 0.059599 0.640561
0.062570 0.000010 0.218796 0.000010 0.718614
0.035852 0.004643 0.239475 0.000010 0.720019
0.011408 0.005634 0.244560 0.000010 0.738387
0.005282 0.000010 0.259850 0.000010 0.734848
0.144916 0.000010 0.165960 0.005184 0.683929
0.038753 0.006374 0.236923 0.000010 0.717940
0.045160 0.002317 0.237865 0.000010 0.714648
0.036097 0.000010 0.219963 0.000010 0.743919
0.019513 0.004808 0.255232 0.000010 0.720438
0.055646 0.000010 0.233816 0.000010 0.710519
0.054839 0.000010 0.190886 0.000010 0.754255
0.008758 0.006508 0.242720 0.000010 0.742004
0.000010 0.000010 0.264628 0.000010 0.735342
0.047626 0.008399 0.224790 0.000010 0.719175
0.033500 0.000010 0.238786 0.000010 0.727694
0.000010 0.000010 0.255632 0.000010 0.744338
0.011013 0.000010 0.259605 0.000010 0.729362
0.132800 0.002892 0.137190 0.040674 0.686444
0.025245 0.041957 0.231734 0.000010 0.701053
0.015400 0.000010 0.248875 0.000010 0.735706
0.002997 0.000010 0.248823 0.000010 0.748160
0.010076 0.000015 0.253228 0.000010 0.736671
0.058977 0.001220 0.227165 0.000010 0.712628
0.039955 0.000010 0.218717 0.000010 0.741308
0.057357 0.005236 0.218368 0.000010 0.719029
0.033276 0.000010 0.216403 0.000010 0.750301
0.027263 0.004855 0.198250 0.000010 0.769621
0.029152 0.000010 0.218455 0.000010 0.752373
0.039610 0.000010 0.213675 0.000010 0.746695
0.142985 0.003986 0.124877 0.045222 0.682930
0.137425 0.000010 0.127008 0.046298 0.689259
0.167811 0.002016 0.109348 0.000010 0.720816
0.151435 0.000010 0.092806 0.036363 0.719385
0.120555 0.000010 0.137048 0.046639 0.695748
0.165976 0.000010 0.108928 0.000010 0.725075
0.129797 0.000010 0.116579 0.037562 0.716052
0.144404 0.003610 0.136973 0.040551 0.674462
0.142849 0.011665 0.128160 0.034802 0.682524
0.123526 0.011107 0.107902 0.035533 0.721932
0.117389 0.000019 0.096491 0.000010 0.786090
0.117392 0.000010 0.088766 0.000010 0.793822
0.121789 0.000010 0.095641 0.000010 0.782549
0.151741 0.009662 0.113852 0.039133 0.685613
0.117049 0.011090 0.116359 0.075585 0.679916
0.146054 0.003244 0.116634 0.049716 0.684352
0.133813 0.052172 0.105898 0.000010 0.708107
0.158027 0.000010 0.134969 0.000010 0.706984
0.129315 0.040693 0.113554 0.000010 0.716428
0.139469 0.000010 0.116048 0.038531 0.705942
0.133395 0.000010 0.124134 0.039808 0.702653
0.144803 0.006116 0.107154 0.037393 0.704534
0.133844 0.000010 0.121355 0.000010 0.744781
0.167433 0.000010 0.111599 0.000010 0.720948
0.118924 0.005138 0.126156 0.038881 0.710902
0.170166 0.000010 0.114034 0.000010 0.715780
0.157023 0.000010 0.125584 0.000010 0.717373
0.140619 0.015938 0.103932 0.035812 0.703699
0.138321 0.000010 0.115119 0.045229 0.701321
0.153905 0.060414 0.092764 0.000010 0.692907
0.148298 0.000010 0.101813 0.055426 0.694454
0.157385 0.001119 0.115357 0.000010 0.726129
0.180648 0.000010 0.107388 0.047507 0.664447
0.044671 0.006248 0.230372 0.000010 0.718699
0.037957 0.000795 0.207832 0.000010 0.753406
0.131060 0.000010 0.102705 0.000010 0.766215
0.129143 0.003091 0.112605 0.000010 0.755152
0.142711 0.000010 0.098420 0.000010 0.758850
0.158456 0.006000 0.122685 0.000010 0.712850
0.140751 0.033106 0.121288 0.000010 0.704845
0.132777 0.006423 0.095224 0.000010 0.765566
0.138522 0.000010 0.111742 0.038718 0.711009
0.128859 0.000010 0.092356 0.000010 0.778765
0.174735 0.000010 0.101492 0.000010 0.723753
0.156338 0.005277 0.097031 0.000010 0.741344
0.163308 0.057060 0.103428 0.000010 0.676193
0.127487 0.000010 0.145317 0.057544 0.669642
0.164932 0.000010 0.119750 0.020711 0.694597
0.112038 0.000010 0.142982 0.046320 0.698649
0.132886 0.000010 0.132745 0.065486 0.668874
0.155736 0.012958 0.108122 0.000010 0.723173
0.164054 0.000010 0.112678 0.000010 0.723248
0.173257 0.000010 0.118570 0.000010 0.708153
0.128096 0.001362 0.131355 0.036204 0.702983
0.170775 0.000010 0.095335 0.002675 0.731205
0.148456 0.004668 0.131980 0.000010 0.714886
0.152874 0.000010 0.100365 0.000010 0.746742
0.140282 0.000010 0.093153 0.000010 0.766545
0.147030 0.004568 0.092100 0.048786 0.707517
0.135188 0.001117 0.113875 0.058067 0.691754
0.042650 0.000017 0.246631 0.000010 0.710691
0.061321 0.000010 0.222318 0.000010 0.716341
0.000010 0.000010 0.249607 0.000010 0.750363
0.000010 0.000010 0.293851 0.000010 0.706119
0.062213 0.004530 0.240718 0.000010 0.692529
0.056894 0.002621 0.227273 0.000010 0.713202
0.158662 0.010268 0.127038 0.000010 0.704022
0.100778 0.000010 0.079215 0.000010 0.819987
0.051488 0.000010 0.205677 0.000010 0.742815
0.026643 0.000021 0.266717 0.000010 0.706608
0.064952 0.000010 0.249589 0.000010 0.685439
0.015140 0.006534 0.230425 0.000010 0.747891
0.006089 0.022097 0.254310 0.000010 0.717494
0.004710 0.000010 0.254356 0.000010 0.740915
0.076358 0.000010 0.200638 0.000010 0.722983
0.005314 0.000010 0.261942 0.000010 0.732725
0.128942 0.039485 0.116933 0.000010 0.714630
0.114230 0.000010 0.081906 0.000010 0.803845
0.140919 0.000010 0.153379 0.030746 0.674946
0.148135 0.011755 0.132625 0.000010 0.707476
0.003309 0.000010 0.270307 0.000010 0.726364
0.121725 0.000010 0.133439 0.041336 0.703490
0.063842 0.000010 0.201853 0.003543 0.730752
0.000010 0.000010 0.260974 0.000010 0.738996
0.115052 0.000010 0.104432 0.000010 0.780496
0.163798 0.000010 0.147836 0.000010 0.688346
0.044431 0.000017 0.211596 0.000010 0.743946
0.151531 0.000018 0.126647 0.000010 0.721794
0.079456 0.000010 0.217043 0.000010 0.703482
0.127725 0.000010 0.108899 0.000010 0.763356
0.112923 0.039673 0.071043 0.000010 0.776352
0.001785 0.000010 0.274420 0.000010 0.723775
0.080855 0.000010 0.196353 0.000010 0.722772
0.123672 0.000010 0.148642 0.039990 0.687686
0.137998 0.000010 0.135596 0.000010 0.726386
0.116369 0.000010 0.074215 0.000010 0.809396
0.169724 0.000010 0.142378 0.010404 0.677484
0.000010 0.000010 0.269880 0.000010 0.730090
0.144053 0.000010 0.092673 0.000010 0.763255
0.116881 0.002712 0.072048 0.000010 0.808349
0.136297 0.000010 0.048956 0.000010 0.814726
0.145383 0.000010 0.134384 0.000010 0.720213
0.118894 0.000010 0.138925 0.036981 0.705190
0.162355 0.000010 0.138064 0.000010 0.699561
0.157864 0.000010 0.153963 0.000010 0.688153
0.129994 0.000010 0.102550 0.000010 0.767436
0.103590 0.000010 0.072031 0.000010 0.824359
0.157112 0.000010 0.151306 0.000010 0.691563
0.152064 0.000010 0.136639 0.000010 0.711277
0.132051 0.000010 0.105617 0.000010 0.762312
0.158250 0.003584 0.129025 0.000010 0.709131
0.128162 0.000010 0.085026 0.000010 0.786792
0.127681 0.007242 0.059202 0.000010 0.805865
0.178816 0.000010 0.109680 0.000010 0.711484
0.134771 0.005905 0.142514 0.043616 0.673193
0.135495 0.000010 0.076443 0.000010 0.788042
0.144667 0.000010 0.141434 0.016865 0.697023
0.117186 0.000010 0.069082 0.000010 0.813712
0.000010 0.000010 0.000010 0.999960 0.000010
0.130684 0.000010 0.243429 0.016430 0.609447
0.000010 0.000010 0.000010 0.999960 0.000010
0.000010 0.000010 0.000010 0.999960 0.000010
0.000010 0.000010 0.000010 0.999960 0.000010
0.999960 0.000010 0.000010 0.000010 0.000010
0.000010 0.999960 0.000010 0.000010 0.000010
0.999960 0.000010 0.000010 0.000010 0.000010
0.999960 0.000010 0.000010 0.000010 0.000010
0.000010 0.000010 0.000010 0.999960 0.000010
0.000010 0.000010 0.000010 0.999960 0.000010
0.000010 0.999960 0.000010 0.000010 0.000010
0.999960 0.000010 0.000010 0.000010 0.000010
0.999960 0.000010 0.000010 0.000010 0.000010
0.999960 0.000010 0.000010 0.000010 0.000010
0.060693 0.211327 0.446357 0.000010 0.281614
0.999960 0.000010 0.000010 0.000010 0.000010
0.000010 0.999960 0.000010 0.000010 0.000010
0.999960 0.000010 0.000010 0.000010 0.000010
0.000010 0.999960 0.000010 0.000010 0.000010
0.999960 0.000010 0.000010 0.000010 0.000010
0.243126 0.000010 0.756844 0.000010 0.000010
0.261075 0.000010 0.738895 0.000010 0.000010
0.000010 0.999960 0.000010 0.000010 0.000010
0.312928 0.000010 0.687042 0.000010 0.000010
0.999960 0.000010 0.000010 0.000010 0.000010
0.000010 0.000010 0.999960 0.000010 0.000010
0.000010 0.000010 0.999960 0.000010 0.000010
0.000010 0.000010 0.999960 0.000010 0.000010
0.000010 0.000010 0.561313 0.438657 0.000010
0.292081 0.000010 0.707889 0.000010 0.000010
0.000010 0.999960 0.000010 0.000010 0.000010
0.173179 0.286045 0.301568 0.000010 0.239198
0.000010 0.000010 0.637825 0.362145 0.000010
0.252449 0.000010 0.747521 0.000010 0.000010
0.000010 0.000010 0.698435 0.301535 0.000010
0.308688 0.132959 0.558333 0.000010 0.000010
0.000010 0.999960 0.000010 0.000010 0.000010
0.000010 0.000010 0.999960 0.000010 0.000010
0.999960 0.000010 0.000010 0.000010 0.000010
0.000010 0.999960 0.000010 0.000010 0.000010
0.000010 0.000010 0.000010 0.999960 0.000010
0.000010 0.999960 0.000010 0.000010 0.000010
0.000010 0.000010 0.999960 0.000010 0.000010
0.000010 0.000010 0.999960 0.000010 0.000010
0.999960 0.000010 0.000010 0.000010 0.000010
0.999960 0.000010 0.000010 0.000010 0.000010
0.000010 0.999960 0.000010 0.000010 0.000010
0.999951 0.000011 0.000010 0.000018 0.000010
0.000010 0.000010 0.000010 0.999960 0.000010
0.999960 0.000010 0.000010 0.000010 0.000010
0.999960 0.000010 0.000010 0.000010 0.000010
0.999960 0.000010 0.000010 0.000010 0.000010
0.000010 0.000010 0.999960 0.000010 0.000010
0.000010 0.000010 0.999960 0.000010 0.000010
0.000010 0.000010 0.999960 0.000010 0.000010
0.000010 0.000010 0.999960 0.000010 0.000010
0.000010 0.000010 0.999960 0.000010 0.000010
0.000010 0.000010 0.999960 0.000010 0.000010
0.000010 0.000010 0.999960 0.000010 0.000010
0.000010 0.000010 0.000010 0.999960 0.000010
0.000010 0.000010 0.000010 0.999960 0.000010
0.999960 0.000010 0.000010 0.000010 0.000010
0.000010 0.000010 0.000010 0.999960 0.000010
0.264547 0.000010 0.735423 0.000010 0.000010
0.000010 0.317474 0.335123 0.000010 0.347383
0.000010 0.000010 0.640763 0.359207 0.000010
0.000010 0.999960 0.000010 0.000010 0.000010
0.999960 0.000010 0.000010 0.000010 0.000010
0.000010 0.000010 0.000010 0.999960 0.000010
0.000010 0.000010 0.272388 0.000010 0.727582
0.358124 0.000010 0.000010 0.106068 0.535787
