0.737958 0.223923 0.015810 0.002764 0.019525 0.000010 0.000010
0.737418 0.185686 0.051425 0.019898 0.005553 0.000010 0.000010
0.741646 0.194607 0.042227 0.000815 0.014880 0.005815 0.000010
0.758299 0.217158 0.006599 0.000010 0.017913 0.000010 0.000010
0.764920 0.209136 0.000011 0.014458 0.011454 0.000010 0.000010
0.756605 0.189170 0.032631 0.000010 0.000010 0.001139 0.020434
0.754867 0.181724 0.031217 0.000010 0.005091 0.000280 0.026812
0.775141 0.188512 0.017876 0.000765 0.017471 0.000225 0.000010
0.758538 0.239965 0.001457 0.000010 0.000010 0.000010 0.000010
0.756925 0.198183 0.034280 0.000010 0.010582 0.000010 0.000010
0.733378 0.207739 0.036493 0.000010 0.009710 0.001100 0.011572
0.766525 0.158720 0.034146 0.000010 0.027750 0.012839 0.000010
0.750012 0.192979 0.018778 0.028874 0.009338 0.000010 0.000010
0.748127 0.226004 0.009351 0.000010 0.014998 0.000010 0.001501
0.745065 0.213647 0.029283 0.007508 0.000010 0.000010 0.004478
0.716865 0.212401 0.021192 0.006088 0.003207 0.000210 0.040036
0.716340 0.194432 0.085448 0.000012 0.003629 0.000130 0.000010
0.759285 0.129324 0.048404 0.000302 0.023177 0.000010 0.039497
0.753020 0.240023 0.000010 0.000010 0.006917 0.000010 0.000010
0.734657 0.200197 0.000010 0.065106 0.000010 0.000010 0.000010
0.760319 0.225080 0.000010 0.000015 0.014556 0.000010 0.000010
0.743993 0.163516 0.016104 0.076357 0.000010 0.000010 0.000010
0.740169 0.184096 0.047054 0.017473 0.005110 0.000010 0.006090
0.738183 0.196701 0.011380 0.013928 0.008976 0.025853 0.004980
0.720841 0.167888 0.031240 0.000010 0.029541 0.050470 0.000010
0.761378 0.000010 0.146646 0.055356 0.023727 0.012873 0.000010
0.736870 0.015106 0.148084 0.036101 0.031558 0.029700 0.002581
0.772566 0.000010 0.156329 0.036842 0.021236 0.013007 0.000010
0.756952 0.000010 0.146443 0.037100 0.043415 0.016070 0.000010
0.762813 0.000010 0.141980 0.047209 0.038689 0.008070 0.001229
0.750524 0.000010 0.144530 0.037070 0.048217 0.019639 0.000010
0.766850 0.000010 0.137807 0.040478 0.037581 0.017263 0.000010
0.757635 0.000010 0.154333 0.051441 0.035843 0.000728 0.000010
0.761359 0.000010 0.137317 0.045330 0.040176 0.010741 0.005068
0.748287 0.249978 0.000010 0.000010 0.000010 0.000019 0.001686
0.715132 0.269256 0.000010 0.000010 0.015572 0.000010 0.000010
0.731366 0.268584 0.000010 0.000010 0.000010 0.000010 0.000010
0.745337 0.254613 0.000011 0.000010 0.000010 0.000010 0.000010
0.716492 0.266045 0.000010 0.000010 0.017423 0.000010 0.000010
0.750411 0.249539 0.000010 0.000010 0.000010 0.000010 0.000010
0.733707 0.255562 0.000010 0.000010 0.000010 0.005231 0.005470
0.732707 0.263914 0.000010 0.000010 0.000099 0.000010 0.003250
0.746250 0.253700 0.000010 0.000010 0.000010 0.000010 0.000010
0.737530 0.262420 0.000010 0.000010 0.000010 0.000010 0.000010
0.726274 0.270754 0.000010 0.000010 0.002932 0.000010 0.000010
0.739417 0.259797 0.000010 0.000010 0.000746 0.000010 0.000010
0.735085 0.251456 0.000010 0.000010 0.008747 0.000010 0.004681
0.764992 0.000010 0.157976 0.026193 0.034938 0.015881 0.000010
0.759957 0.000010 0.170543 0.039949 0.029521 0.000010 0.000010
0.760102 0.000010 0.150713 0.034016 0.041529 0.013620 0.000010
0.749262 0.000010 0.152495 0.041521 0.037916 0.018786 0.000010
0.754036 0.000010 0.151553 0.041023 0.047488 0.005881 0.000010
0.754570 0.000010 0.155099 0.054793 0.032685 0.002832 0.000010
0.747614 0.000010 0.139820 0.050272 0.034178 0.028096 0.000010
0.766986 0.000010 0.166821 0.025975 0.031793 0.008405 0.000010
0.785907 0.000010 0.161031 0.036820 0.010095 0.006127 0.000010
0.771390 0.000010 0.149565 0.046919 0.022710 0.009397 0.000010
0.751205 0.000010 0.163428 0.050202 0.025448 0.009697 0.000010
0.741465 0.000010 0.150054 0.039260 0.041193 0.028008 0.000010
0.774291 0.000010 0.137688 0.048393 0.022814 0.016003 0.000801
0.783218 0.000010 0.165546 0.029285 0.008938 0.012993 0.000010
0.741398 0.000010 0.151107 0.064835 0.040151 0.002489 0.000010
0.772447 0.000010 0.139869 0.041013 0.034331 0.012319 0.000010
0.749598 0.004136 0.154640 0.043658 0.031719 0.016238 0.000010
0.775748 0.000010 0.143407 0.042951 0.037864 0.000010 0.000010
0.744383 0.140905 0.068299 0.030500 0.010987 0.004916 0.000010
0.783070 0.120296 0.057008 0.009106 0.002012 0.004896 0.023611
0.685104 0.139986 0.054283 0.022678 0.022208 0.075731 0.000010
0.731573 0.130620 0.075141 0.007563 0.012358 0.027446 0.015298
0.729842 0.129329 0.081988 0.025837 0.017646 0.010665 0.004694
0.759949 0.114683 0.086996 0.016641 0.019653 0.002068 0.000010
0.726173 0.148581 0.075954 0.037714 0.003438 0.008130 0.000010
0.740682 0.123676 0.083221 0.027657 0.018137 0.006618 0.000010
0.729790 0.137874 0.077555 0.024141 0.000010 0.030620 0.000010
0.723394 0.146689 0.074652 0.051256 0.003989 0.000010 0.000010
0.745296 0.130601 0.088663 0.031247 0.004172 0.000010 0.000010
0.744827 0.118912 0.068120 0.036025 0.000011 0.032096 0.000010
0.732767 0.136051 0.071856 0.041629 0.004461 0.007941 0.005296
0.757785 0.118317 0.062674 0.053312 0.000010 0.002910 0.004993
0.756220 0.132071 0.086936 0.022358 0.000010 0.002394 0.000010
0.726151 0.141756 0.053927 0.028614 0.018258 0.031284 0.000010
0.750257 0.131203 0.059585 0.032197 0.002600 0.009328 0.014830
0.744894 0.134137 0.069489 0.014817 0.006613 0.030016 0.000034
0.763852 0.121825 0.060550 0.041531 0.012222 0.000010 0.000010
0.739087 0.129226 0.087328 0.020556 0.004609 0.014951 0.004242
0.868414 0.066445 0.020484 0.000010 0.031690 0.000010 0.012947
0.894859 0.081201 0.000937 0.000010 0.021912 0.000010 0.001070
0.854109 0.083658 0.000010 0.000010 0.062193 0.000010 0.000010
0.876899 0.068773 0.005104 0.000010 0.045813 0.000010 0.003391
0.887248 0.079486 0.003458 0.000010 0.029778 0.000010 0.000010
0.872067 0.089646 0.002280 0.000010 0.029187 0.000010 0.006800
0.877122 0.064647 0.008862 0.000010 0.049338 0.000010 0.000010
0.879561 0.064069 0.000010 0.000010 0.032356 0.000010 0.023985
0.865813 0.108407 0.004817 0.000010 0.020933 0.000010 0.000010
0.858805 0.088312 0.000010 0.000010 0.052843 0.000010 0.000010
0.869133 0.090693 0.000010 0.000010 0.032660 0.003613 0.003881
0.866445 0.067553 0.006921 0.000010 0.048088 0.000010 0.010973
0.867982 0.087492 0.000010 0.000010 0.043936 0.000010 0.000560
0.845494 0.077324 0.000010 0.000010 0.077142 0.000010 0.000010
0.875348 0.063370 0.002953 0.000010 0.058299 0.000010 0.000010
0.887485 0.059014 0.020592 0.000010 0.030293 0.000010 0.002596
0.856980 0.057211 0.000010 0.000010 0.050787 0.000010 0.034992
0.864253 0.086664 0.006105 0.006875 0.027503 0.000010 0.008590
0.852833 0.077628 0.000010 0.000010 0.069500 0.000010 0.000010
0.913751 0.045074 0.000010 0.000010 0.041135 0.000010 0.000010
0.738631 0.192042 0.043470 0.025137 0.000010 0.000700 0.000010
0.711346 0.207667 0.043982 0.000019 0.000010 0.036965 0.000010
0.718276 0.234532 0.029371 0.001949 0.015852 0.000010 0.000010
0.677212 0.322738 0.000010 0.000010 0.000010 0.000010 0.000010
0.733846 0.207259 0.053876 0.004989 0.000010 0.000010 0.000010
0.698362 0.196927 0.088492 0.009752 0.000010 0.004089 0.002369
0.728843 0.245973 0.023310 0.000011 0.001844 0.000010 0.000010
0.675860 0.324090 0.000010 0.000010 0.000010 0.000010 0.000010
0.674189 0.192603 0.126235 0.000010 0.000010 0.006943 0.000010
0.736049 0.255997 0.007508 0.000010 0.000416 0.000010 0.000010
0.734175 0.245403 0.010234 0.000010 0.000010 0.010159 0.000010
0.659804 0.340146 0.000010 0.000010 0.000010 0.000010 0.000010
0.741409 0.185837 0.050148 0.000010 0.000010 0.022576 0.000010
0.750631 0.242054 0.000010 0.000010 0.007275 0.000010 0.000010
0.696171 0.264378 0.016053 0.000010 0.015419 0.007959 0.000010
0.668782 0.331168 0.000010 0.000010 0.000010 0.000010 0.000010
0.695376 0.194039 0.081122 0.023215 0.000010 0.006229 0.000010
0.716564 0.252210 0.005942 0.000010 0.000010 0.000010 0.025254
0.684561 0.315389 0.000010 0.000010 0.000010 0.000010 0.000010
0.662304 0.337646 0.000010 0.000010 0.000010 0.000010 0.000010
0.704165 0.217274 0.070821 0.000010 0.000010 0.007710 0.000010
0.753404 0.245856 0.000017 0.000010 0.000693 0.000010 0.000010
0.686011 0.313939 0.000010 0.000010 0.000010 0.000010 0.000010
0.669985 0.329965 0.000010 0.000010 0.000010 0.000010 0.000010
0.728230 0.180590 0.052811 0.034967 0.000010 0.003381 0.000010
0.728365 0.264060 0.007535 0.000010 0.000010 0.000010 0.000010
0.664794 0.335156 0.000010 0.000010 0.000010 0.000010 0.000010
0.725449 0.200264 0.045448 0.028810 0.000010 0.000010 0.000010
0.737543 0.233364 0.021544 0.000010 0.007519 0.000010 0.000010
0.691172 0.307238 0.000010 0.000010 0.000010 0.000010 0.001549
0.684578 0.315372 0.000010 0.000010 0.000010 0.000010 0.000010
0.700103 0.299847 0.000010 0.000010 0.000010 0.000010 0.000010
0.676400 0.226265 0.000010 0.000010 0.000010 0.000010 0.097296
0.681116 0.318834 0.000010 0.000010 0.000010 0.000010 0.000010
0.704629 0.295321 0.000010 0.000010 0.000010 0.000010 0.000010
0.712117 0.277429 0.000010 0.000010 0.010414 0.000010 0.000010
0.671395 0.328555 0.000010 0.000010 0.000010 0.000010 0.000010
0.688604 0.311346 0.000010 0.000010 0.000010 0.000010 0.000010
0.682873 0.315604 0.000010 0.000010 0.000010 0.000010 0.001484
0.711597 0.283298 0.002314 0.000010 0.002761 0.000010 0.000010
0.666729 0.333221 0.000010 0.000010 0.000010 0.000010 0.000010
0.655382 0.344568 0.000010 0.000010 0.000010 0.000010 0.000010
0.685485 0.314465 0.000010 0.000010 0.000010 0.000010 0.000010
0.705629 0.291820 0.000010 0.000010 0.000010 0.000010 0.002511
0.677275 0.322675 0.000010 0.000010 0.000010 0.000010 0.000010
0.687922 0.312028 0.000010 0.000010 0.000010 0.000010 0.000010
0.715408 0.284542 0.000010 0.000010 0.000010 0.000010 0.000010
0.683322 0.316628 0.000010 0.000010 0.000010 0.000010 0.000010
0.717344 0.282606 0.000010 0.000010 0.000010 0.000010 0.000010
0.688417 0.311533 0.000010 0.000010 0.000010 0.000010 0.000010
0.671637 0.328313 0.000010 0.000010 0.000010 0.000010 0.000010
0.686671 0.313279 0.000010 0.000010 0.000010 0.000010 0.000010
0.717623 0.282327 0.000010 0.000010 0.000010 0.000010 0.000010
0.708086 0.291662 0.000010 0.000010 0.000010 0.000212 0.000010
0.691934 0.308016 0.000010 0.000010 0.000010 0.000010 0.000010
0.703163 0.296787 0.000010 0.000010 0.000010 0.000010 0.000010
0.680634 0.319316 0.000010 0.000010 0.000010 0.000010 0.000010
0.715070 0.284880 0.000010 0.000010 0.000010 0.000010 0.000010
0.673184 0.326766 0.000010 0.000010 0.000010 0.000010 0.000010
0.730147 0.252785 0.017028 0.000010 0.000010 0.000010 0.000010
0.736615 0.263335 0.000010 0.000010 0.000010 0.000010 0.000010
0.734601 0.265348 0.000010 0.000010 0.000010 0.000010 0.000010
0.728488 0.271462 0.000010 0.000010 0.000010 0.000010 0.000010
0.721779 0.137906 0.047960 0.056309 0.018123 0.017913 0.000010
0.724679 0.247924 0.015619 0.006982 0.002662 0.000010 0.002123
0.743541 0.256409 0.000010 0.000010 0.000010 0.000010 0.000010
0.738352 0.261598 0.000010 0.000010 0.000010 0.000010 0.000010
0.721848 0.273004 0.000010 0.000010 0.005109 0.000010 0.000010
0.716499 0.132823 0.106915 0.028528 0.000010 0.015215 0.000010
0.757641 0.235482 0.006696 0.000010 0.000010 0.000010 0.000151
0.735606 0.257769 0.006585 0.000010 0.000010 0.000010 0.000010
0.735429 0.264521 0.000010 0.000010 0.000010 0.000010 0.000010
0.729257 0.257734 0.000010 0.000010 0.010513 0.000010 0.002467
0.702698 0.148362 0.077487 0.028107 0.000010 0.043326 0.000010
0.747504 0.247431 0.000010 0.000010 0.000010 0.005025 0.000010
0.736481 0.256811 0.000010 0.006669 0.000010 0.000010 0.000010
0.742088 0.257862 0.000010 0.000010 0.000010 0.000010 0.000010
0.720935 0.279008 0.000010 0.000010 0.000018 0.000010 0.000010
0.674059 0.126236 0.081653 0.044676 0.007872 0.065495 0.000010
0.742847 0.237758 0.012213 0.000010 0.004623 0.000010 0.002539
0.734210 0.258708 0.005234 0.000010 0.000010 0.001819 0.000010
0.728590 0.267681 0.000010 0.000010 0.003689 0.000010 0.000010
0.718961 0.279408 0.000010 0.000010 0.001591 0.000010 0.000010
0.707818 0.181791 0.074949 0.023607 0.005804 0.006021 0.000010
0.717393 0.257602 0.010368 0.000010 0.000010 0.010469 0.004148
0.704981 0.255169 0.019657 0.014195 0.000010 0.004097 0.001890
0.754417 0.242183 0.000488 0.000010 0.000010 0.002882 0.000010
0.717368 0.280090 0.002502 0.000010 0.000010 0.000010 0.000010
0.716310 0.256765 0.000010 0.020121 0.006774 0.000010 0.000010
0.763432 0.214774 0.021754 0.000010 0.000010 0.000010 0.000010
0.728855 0.269214 0.000010 0.000010 0.000010 0.001891 0.000010
0.718006 0.281944 0.000010 0.000010 0.000010 0.000010 0.000010
0.708185 0.241792 0.008620 0.000010 0.000010 0.034421 0.006962
0.736022 0.252512 0.000010 0.011426 0.000010 0.000010 0.000010
0.720971 0.278303 0.000010 0.000010 0.000010 0.000686 0.000010
0.718804 0.279559 0.000010 0.000010 0.001597 0.000010 0.000010
0.719698 0.159436 0.064073 0.056763 0.000010 0.000010 0.000010
0.720581 0.261875 0.000010 0.000010 0.016508 0.000010 0.001005
0.733619 0.263514 0.000010 0.000010 0.002827 0.000010 0.000010
0.742184 0.257766 0.000010 0.000010 0.000010 0.000010 0.000010
0.733658 0.266292 0.000010 0.000010 0.000010 0.000010 0.000010
0.723911 0.242190 0.015747 0.000010 0.017180 0.000953 0.000010
0.752064 0.233739 0.000010 0.000010 0.014157 0.000010 0.000010
0.726281 0.224089 0.024765 0.000010 0.000010 0.000010 0.024835
0.767542 0.226248 0.002252 0.000010 0.000010 0.000010 0.003929
0.770831 0.222535 0.006594 0.000010 0.000010 0.000010 0.000010
0.758891 0.234915 0.000010 0.000010 0.002253 0.000010 0.003911
0.761028 0.230464 0.008468 0.000010 0.000010 0.000010 0.000010
0.729542 0.115126 0.053157 0.033645 0.014032 0.005001 0.049495
0.730510 0.143142 0.057243 0.057502 0.011583 0.000010 0.000010
0.772175 0.120868 0.031946 0.054795 0.010557 0.009648 0.000010
0.770773 0.103237 0.038584 0.054429 0.027432 0.005536 0.000010
0.746306 0.141689 0.039415 0.061869 0.000010 0.004646 0.006066
0.761347 0.120226 0.037479 0.054291 0.026637 0.000010 0.000010
0.758623 0.125273 0.041217 0.063035 0.000010 0.011833 0.000010
0.709032 0.143112 0.085580 0.027995 0.017465 0.012739 0.004077
0.725977 0.137370 0.030834 0.026115 0.039560 0.040134 0.000010
0.763413 0.122911 0.053763 0.043755 0.016138 0.000010 0.000010
0.826190 0.120240 0.040221 0.010499 0.002830 0.000010 0.000010
0.836921 0.102227 0.012651 0.019792 0.028389 0.000010 0.000010
0.827613 0.106024 0.022421 0.000010 0.040417 0.003506 0.000010
0.742794 0.118257 0.053181 0.055127 0.027617 0.002381 0.000643
0.711323 0.132504 0.039641 0.022704 0.017348 0.076470 0.000010
0.713018 0.130034 0.064277 0.029864 0.008572 0.054225 0.000010
0.749801 0.127174 0.018452 0.066591 0.037962 0.000010 0.000010
0.733923 0.145938 0.031011 0.025176 0.016299 0.047643 0.000010
0.752739 0.136863 0.049984 0.038605 0.021789 0.000010 0.000010
0.758203 0.121895 0.081704 0.005072 0.023483 0.009634 0.000010
0.745351 0.126890 0.043065 0.026534 0.016509 0.000010 0.041641
0.759466 0.119921 0.049539 0.055717 0.012255 0.000010 0.003093
0.762407 0.141304 0.032841 0.042840 0.009924 0.010674 0.000010
0.759441 0.128821 0.091844 0.019408 0.000466 0.000010 0.000010
0.749250 0.135637 0.041986 0.051777 0.003536 0.012520 0.005294
0.754047 0.126546 0.049058 0.066267 0.004062 0.000010 0.000010
0.762192 0.134512 0.037891 0.049729 0.015136 0.000530 0.000010
0.753683 0.120480 0.041635 0.000010 0.074325 0.005596 0.004271
0.747233 0.125059 0.044126 0.060355 0.013902 0.009315 0.000010
0.741234 0.123085 0.040871 0.062803 0.031987 0.000010 0.000010
0.737412 0.110175 0.069879 0.000010 0.073554 0.000640 0.008330
0.745413 0.120502 0.048037 0.030899 0.017046 0.000010 0.038092
0.710227 0.124398 0.128689 0.024611 0.011324 0.000095 0.000656
0.742460 0.240148 0.000010 0.000010 0.000018 0.000010 0.017344
0.763535 0.232041 0.000337 0.000010 0.000010 0.000010 0.004057
0.798216 0.120339 0.042488 0.038926 0.000010 0.000010 0.000010
0.774812 0.123207 0.042647 0.000010 0.023948 0.000010 0.035366
0.778485 0.112052 0.050387 0.001143 0.057913 0.000010 0.000010
0.748660 0.133013 0.058727 0.002662 0.022607 0.034320 0.000010
0.752291 0.142588 0.039486 0.038327 0.022531 0.003025 0.001752
0.818665 0.106628 0.020798 0.000010 0.053879 0.000010 0.000010
0.767773 0.118429 0.036759 0.049910 0.020575 0.006544 0.000010
0.837489 0.101122 0.013902 0.011691 0.032002 0.003784 0.000010
0.769207 0.102740 0.035368 0.015592 0.060985 0.006311 0.009797
0.770429 0.109879 0.073310 0.020961 0.025401 0.000010 0.000010
0.722554 0.131506 0.047728 0.075520 0.020460 0.000010 0.002222
0.716874 0.148882 0.057284 0.056138 0.020538 0.000010 0.000273
0.727517 0.137385 0.111170 0.022531 0.001376 0.000010 0.000010
0.743412 0.151830 0.078031 0.000010 0.026697 0.000010 0.000010
0.708587 0.142223 0.055658 0.078157 0.015355 0.000010 0.000010
0.754614 0.125626 0.045555 0.050420 0.023765 0.000010 0.000010
0.766279 0.123777 0.032172 0.049192 0.022037 0.006188 0.000356
0.746730 0.130355 0.048816 0.054244 0.019835 0.000010 0.000010
0.747759 0.136019 0.044016 0.036619 0.029921 0.005656 0.000010
0.777891 0.097026 0.046791 0.045898 0.026103 0.006282 0.000010
0.744447 0.149170 0.035092 0.049226 0.022045 0.000010 0.000010
0.802579 0.110990 0.015654 0.056095 0.014662 0.000010 0.000010
0.813778 0.099661 0.032866 0.038704 0.014970 0.000010 0.000010
0.753435 0.108140 0.056331 0.053209 0.013494 0.015381 0.000010
0.737167 0.124742 0.045025 0.068874 0.024172 0.000010 0.000010
0.713154 0.249645 0.008728 0.000010 0.007530 0.000010 0.020923
0.712362 0.244797 0.034013 0.000010 0.008799 0.000010 0.000010
0.733550 0.266400 0.000010 0.000010 0.000010 0.000010 0.000010
0.689499 0.306439 0.000010 0.000010 0.004022 0.000010 0.000010
0.689317 0.239939 0.017389 0.005584 0.000010 0.000010 0.047752
0.708911 0.242075 0.006720 0.000529 0.000010 0.041746 0.000010
0.724988 0.155521 0.104285 0.015086 0.000010 0.000100 0.000010
0.867904 0.088983 0.000010 0.000010 0.042861 0.000010 0.000222
0.759926 0.220537 0.017182 0.000010 0.002325 0.000010 0.000010
0.713802 0.282158 0.000010 0.000010 0.004000 0.000010 0.000010
0.696826 0.263473 0.029749 0.000010 0.009922 0.000010 0.000010
0.750516 0.249434 0.000010 0.000010 0.000010 0.000010 0.000010
0.724917 0.275033 0.000010 0.000010 0.000010 0.000010 0.000010
0.739423 0.259443 0.000010 0.000010 0.000013 0.000010 0.001091
0.728671 0.220577 0.050712 0.000010 0.000010 0.000010 0.000010
0.723705 0.276245 0.000010 0.000010 0.000010 0.000010 0.000010
0.723673 0.160031 0.094421 0.021844 0.000010 0.000010 0.000010
0.848914 0.082003 0.002438 0.005550 0.031802 0.000010 0.029283
0.692572 0.176565 0.070188 0.016054 0.000010 0.044601 0.000010
0.729367 0.153162 0.081384 0.030127 0.000010 0.005940 0.000010
0.711734 0.288216 0.000010 0.000010 0.000010 0.000010 0.000010
0.715274 0.156163 0.095322 0.024167 0.000010 0.009054 0.000010
0.724243 0.230873 0.033202 0.005229 0.000010 0.006433 0.000010
0.720191 0.279759 0.000010 0.000010 0.000010 0.000010 0.000010
0.836689 0.111345 0.023044 0.007481 0.021420 0.000010 0.000010
0.720474 0.154971 0.055732 0.056121 0.000010 0.012681 0.000010
0.729741 0.236405 0.031401 0.000010 0.000010 0.002422 0.000010
0.734929 0.146957 0.066607 0.019773 0.000010 0.031714 0.000010
0.714184 0.234917 0.042123 0.000010 0.002075 0.006682 0.000010
0.801869 0.121768 0.047686 0.000010 0.028647 0.000010 0.000010
0.836828 0.100830 0.009621 0.000010 0.052691 0.000010 0.000010
0.705469 0.293251 0.000010 0.000010 0.001240 0.000010 0.000010
0.750982 0.211649 0.029038 0.000010 0.000010 0.008300 0.000010
0.705157 0.166242 0.059933 0.039821 0.000010 0.028827 0.000010
0.737185 0.161749 0.081137 0.016867 0.000010 0.003041 0.000010
0.859161 0.085007 0.000010 0.021034 0.034768 0.000010 0.000010
0.702741 0.153047 0.097004 0.029502 0.000010 0.017685 0.000010
0.715249 0.284701 0.000010 0.000010 0.000010 0.000010 0.000010
0.812440 0.104538 0.031781 0.000010 0.051203 0.000017 0.000010
0.867071 0.084631 0.018032 0.006033 0.024213 0.000010 0.000010
0.868769 0.064485 0.002762 0.003753 0.060211 0.000010 0.000010
0.744276 0.151494 0.084978 0.016704 0.000010 0.002528 0.000010
0.719175 0.163516 0.083747 0.022507 0.000010 0.011035 0.000010
0.718056 0.155132 0.086966 0.027670 0.000010 0.012156 0.000010
0.703717 0.166623 0.072091 0.024624 0.000010 0.032925 0.000010
0.823156 0.103265 0.026705 0.000012 0.046843 0.000010 0.000010
0.885107 0.088368 0.000010 0.004174 0.022322 0.000010 0.000010
0.720383 0.165683 0.055362 0.026034 0.004621 0.027906 0.000010
0.735142 0.153136 0.063243 0.048449 0.000010 0.000010 0.000010
0.828160 0.111451 0.038370 0.000010 0.021989 0.000010 0.000010
0.745626 0.151176 0.086523 0.008185 0.004408 0.004072 0.000010
0.847018 0.097902 0.011781 0.000010 0.043268 0.000010 0.000010
0.863310 0.076148 0.017714 0.000010 0.042797 0.000010 0.000010
0.741991 0.131348 0.075587 0.041334 0.000010 0.009720 0.000010
0.684429 0.157302 0.070503 0.029337 0.000010 0.052222 0.006196
0.858500 0.081658 0.003490 0.011761 0.044571 0.000010 0.000010
0.712429 0.163606 0.078140 0.024504 0.008277 0.013035 0.000010
0.886595 0.074580 0.000010 0.005156 0.033640 0.000010 0.000010
0.299854 0.340379 0.359727 0.000010 0.000010 0.000010 0.000010
0.615562 0.247063 0.081132 0.000010 0.056212 0.000010 0.000010
0.000010 0.000010 0.999940 0.000010 0.000010 0.000010 0.000010
0.000010 0.000010 0.999940 0.000010 0.000010 0.000010 0.000010
0.000010 0.000010 0.000010 0.000010 0.000010 0.999940 0.000010
0.000010 0.000010 0.000010 0.999940 0.000010 0.000010 0.000010
0.000010 0.000010 0.999940 0.000010 0.000010 0.000010 0.000010
0.000010 0.000010 0.000010 0.000010 0.999940 0.000010 0.000010
0.000010 0.000010 0.000010 0.000010 0.000010 0.999940 0.000010
0.000010 0.000010 0.000010 0.000010 0.000010 0.000010 0.999940
0.000010 0.000010 0.999940 0.000010 0.000010 0.000010 0.000010
0.000010 0.000010 0.000010 0.999940 0.000010 0.000010 0.000010
0.000010 0.000010 0.000010 0.999940 0.000010 0.000010 0.000010
0.000010 0.000010 0.000010 0.999940 0.000010 0.000010 0.000010
0.000010 0.000010 0.999940 0.000010 0.000010 0.000010 0.000010
0.000010 0.669035 0.330915 0.000010 0.000010 0.000010 0.000010
0.000010 0.000010 0.000010 0.999940 0.000010 0.000010 0.000010
0.000010 0.999940 0.000010 0.000010 0.000010 0.000010 0.000010
0.000010 0.000011 0.999939 0.000010 0.000010 0.000010 0.000010
0.000010 0.000010 0.999940 0.000010 0.000010 0.000010 0.000010
0.000010 0.000010 0.000010 0.000010 0.999940 0.000010 0.000010
0.000010 0.608270 0.000010 0.000010 0.391680 0.000010 0.000010
0.000010 0.585124 0.000010 0.000010 0.414826 0.000010 0.000010
0.000010 0.000010 0.000010 0.000010 0.000010 0.000010 0.999940
0.000010 0.581081 0.000010 0.000010 0.418869 0.000010 0.000010
0.000010 0.000010 0.999940 0.000010 0.000010 0.000010 0.000010
0.000010 0.000010 0.000010 0.000010 0.000010 0.000010 0.999940
0.000010 0.999940 0.000010 0.000010 0.000010 0.000010 0.000010
0.000010 0.999940 0.000010 0.000010 0.000010 0.000010 0.000010
0.000010 0.000010 0.000010 0.000010 0.000010 0.000010 0.999940
0.000010 0.000010 0.000010 0.999940 0.000010 0.000010 0.000010
0.000010 0.000010 0.000011 0.000010 0.000010 0.000010 0.999939
0.000010 0.000010 0.000010 0.000010 0.999940 0.000010 0.000010
0.000010 0.630239 0.369711 0.000010 0.000010 0.000010 0.000010
0.000010 0.607189 0.000010 0.000010 0.392761 0.000010 0.000010
0.000010 0.000010 0.000010 0.000010 0.999940 0.000010 0.000010
0.000010 0.000010 0.000010 0.000010 0.000010 0.999940 0.000010
0.281463 0.544640 0.000010 0.000010 0.150139 0.000010 0.023728
0.000010 0.000010 0.000010 0.000010 0.999940 0.000010 0.000010
0.000010 0.000010 0.000010 0.000010 0.999940 0.000010 0.000010
0.000010 0.000010 0.000010 0.000010 0.999940 0.000010 0.000010
0.000010 0.000010 0.000010 0.000010 0.000010 0.999940 0.000010
0.000010 0.999940 0.000010 0.000010 0.000010 0.000010 0.000010
0.000010 0.999940 0.000010 0.000010 0.000010 0.000010 0.000010
0.000010 0.999940 0.000010 0.000010 0.000010 0.000010 0.000010
0.000011 0.000010 0.000010 0.999931 0.000018 0.000010 0.000010
0.000010 0.000010 0.000010 0.000010 0.999940 0.000010 0.000010
0.000010 0.000010 0.999940 0.000010 0.000010 0.000010 0.000010
0.000010 0.000010 0.000010 0.000010 0.999940 0.000010 0.000010
0.000010 0.000010 0.000010 0.000010 0.000010 0.000010 0.999940
0.000010 0.000010 0.000010 0.000010 0.999940 0.000010 0.000010
0.000010 0.000010 0.999940 0.000010 0.000010 0.000010 0.000010
0.000010 0.000010 0.000010 0.999940 0.000010 0.000010 0.000010
0.000010 0.999936 0.000010 0.000010 0.000010 0.000014 0.000010
0.000010 0.999940 0.000010 0.000010 0.000010 0.000010 0.000010
0.000010 0.999940 0.000010 0.000010 0.000010 0.000010 0.000010
0.000010 0.999940 0.000010 0.000010 0.000010 0.000010 0.000010
0.000010 0.999940 0.000010 0.000010 0.000010 0.000010 0.000010
0.000010 0.999940 0.000010 0.000010 0.000010 0.000010 0.000010
0.000010 0.999940 0.000010 0.000010 0.000010 0.000010 0.000010
0.000010 0.000010 0.000010 0.000010 0.999940 0.000010 0.000010
0.000010 0.000010 0.999940 0.000010 0.000010 0.000010 0.000010
0.000010 0.000010 0.000010 0.000010 0.000010 0.999940 0.000010
0.000010 0.000010 0.999940 0.000010 0.000010 0.000010 0.000010
0.000012 0.000010 0.000010 0.999938 0.000010 0.000010 0.000010
0.000010 0.000010 0.000010 0.000010 0.999940 0.000010 0.000010
0.000010 0.467649 0.000010 0.000010 0.435733 0.000010 0.096578
0.000010 0.000010 0.000010 0.000010 0.000010 0.000010 0.999940
0.000010 0.000010 0.000010 0.000010 0.000010 0.999940 0.000010
0.000010 0.000010 0.000010 0.000010 0.000010 0.999940 0.000010
0.658173 0.275183 0.000010 0.000010 0.066604 0.000010 0.000010
0.609411 0.000010 0.222632 0.073922 0.039370 0.054645 0.000010
