0.220292 0.728219 0.051489
0.178582 0.734734 0.086684
0.191130 0.742062 0.066809
0.215647 0.762404 0.021949
0.207515 0.753710 0.038775
0.196013 0.756343 0.047644
0.187935 0.751742 0.060323
0.188460 0.758468 0.053072
0.236877 0.763113 0.000010
0.198051 0.748435 0.053514
0.214012 0.730552 0.055436
0.155399 0.771212 0.073389
0.188110 0.750523 0.061367
0.228149 0.743029 0.028822
0.216095 0.736349 0.047556
0.231542 0.715015 0.053443
0.191019 0.741142 0.067838
0.131999 0.777370 0.090631
0.244176 0.749795 0.006030
0.202554 0.773396 0.024050
0.223403 0.758783 0.017814
0.159288 0.788739 0.051973
0.188990 0.737252 0.073758
0.203163 0.736028 0.060810
0.170888 0.749593 0.079519
0.000010 0.727669 0.272321
0.013286 0.707228 0.279485
0.000010 0.730781 0.269209
0.000010 0.724045 0.275945
0.000010 0.720245 0.279745
0.000010 0.717245 0.282745
0.000010 0.726876 0.273114
0.000010 0.718367 0.281623
0.000010 0.721509 0.278481
0.257231 0.742759 0.000010
0.279601 0.720389 0.000010
0.269065 0.730925 0.000010
0.251795 0.748195 0.000010
0.272490 0.727500 0.000010
0.246440 0.753550 0.000010
0.265894 0.734096 0.000010
0.264144 0.735846 0.000010
0.253862 0.746128 0.000010
0.261865 0.738125 0.000010
0.274034 0.725956 0.000010
0.257551 0.742439 0.000010
0.262252 0.737738 0.000010
0.000010 0.728253 0.271737
0.000010 0.725845 0.274145
0.000010 0.710242 0.289748
0.000010 0.715571 0.284419
0.000010 0.708547 0.291443
0.000010 0.709554 0.290436
0.000010 0.707096 0.292894
0.000010 0.722734 0.277256
0.000010 0.741271 0.258719
0.000010 0.737928 0.262062
0.000010 0.717566 0.282424
0.000010 0.705646 0.294344
0.000010 0.733465 0.266525
0.000010 0.730791 0.269199
0.000010 0.704284 0.295706
0.000010 0.733740 0.266250
0.000010 0.718728 0.281262
0.000010 0.731293 0.268697
0.134482 0.740288 0.125230
0.118923 0.782618 0.098459
0.143675 0.663170 0.193156
0.134514 0.719283 0.146203
0.129855 0.717479 0.152666
0.106677 0.755133 0.138190
0.145288 0.711277 0.143435
0.116356 0.742517 0.141127
0.131159 0.739317 0.129523
0.134974 0.731431 0.133594
0.129271 0.732764 0.137965
0.113737 0.746197 0.140066
0.133233 0.729406 0.137360
0.118864 0.750484 0.130652
0.119266 0.772082 0.108652
0.136963 0.719637 0.143400
0.135580 0.741651 0.122769
0.130281 0.731085 0.138634
0.116571 0.751971 0.131459
0.125098 0.727358 0.147543
0.069476 0.860015 0.070509
0.074361 0.890014 0.035625
0.079062 0.890437 0.030501
0.064255 0.879273 0.056472
0.075179 0.876848 0.047973
0.088902 0.874063 0.037035
0.065217 0.871516 0.063266
0.066804 0.880006 0.053190
0.100829 0.861022 0.038149
0.086912 0.853424 0.059663
0.094835 0.853083 0.052082
0.068743 0.866069 0.065188
0.086449 0.868083 0.045468
0.077790 0.872584 0.049626
0.060131 0.872457 0.067412
0.051658 0.875537 0.072805
0.068640 0.872107 0.059253
0.086770 0.848211 0.065018
0.065677 0.885312 0.049012
0.040263 0.908058 0.051679
0.182759 0.742479 0.074762
0.202326 0.725555 0.072118
0.238576 0.710876 0.050548
0.325967 0.674023 0.000010
0.201972 0.730698 0.067330
0.186127 0.742058 0.071815
0.237012 0.736701 0.026287
0.322348 0.677642 0.000010
0.183782 0.724357 0.091862
0.251163 0.744544 0.004294
0.244813 0.752360 0.002827
0.346770 0.653220 0.000010
0.180798 0.750417 0.068785
0.240368 0.740842 0.018790
0.265409 0.693339 0.041252
0.343924 0.656066 0.000010
0.189687 0.693238 0.117075
0.265440 0.712257 0.022302
0.317981 0.682009 0.000010
0.333681 0.666309 0.000010
0.211248 0.716456 0.072295
0.239455 0.760535 0.000010
0.315354 0.684636 0.000010
0.339104 0.660886 0.000010
0.170525 0.757808 0.071668
0.255282 0.739166 0.005551
0.337146 0.662844 0.000010
0.198768 0.738663 0.062569
0.227042 0.741913 0.031045
0.314091 0.685899 0.000010
0.314214 0.685776 0.000010
0.299565 0.700425 0.000010
0.286422 0.713568 0.000010
0.324813 0.675177 0.000010
0.296340 0.703650 0.000010
0.280288 0.719702 0.000010
0.328424 0.671566 0.000010
0.314866 0.685124 0.000010
0.319358 0.680632 0.000010
0.280403 0.719587 0.000010
0.342187 0.657803 0.000010
0.343301 0.656689 0.000010
0.305929 0.694061 0.000010
0.292438 0.707552 0.000010
0.334732 0.665258 0.000010
0.312707 0.687283 0.000010
0.284723 0.715267 0.000010
0.320417 0.679573 0.000010
0.281147 0.718843 0.000010
0.314517 0.685473 0.000010
0.337375 0.662615 0.000010
0.313073 0.686917 0.000010
0.288103 0.711887 0.000010
0.293063 0.706927 0.000010
0.304858 0.695132 0.000010
0.294742 0.705248 0.000010
0.318567 0.681423 0.000010
0.280767 0.719223 0.000010
0.328781 0.671209 0.000010
0.252018 0.742988 0.004994
0.264275 0.735715 0.000010
0.253448 0.746542 0.000010
0.277494 0.722496 0.000010
0.132617 0.712317 0.155066
0.252839 0.725762 0.021400
0.252209 0.747781 0.000010
0.263274 0.736716 0.000010
0.279800 0.720190 0.000010
0.117964 0.721898 0.160138
0.227789 0.765034 0.007176
0.255579 0.737258 0.007163
0.266857 0.733133 0.000010
0.263724 0.736266 0.000010
0.136287 0.705051 0.158662
0.239603 0.760387 0.000010
0.258270 0.727445 0.014285
0.260245 0.739745 0.000010
0.277081 0.722909 0.000010
0.119994 0.672874 0.207132
0.239014 0.733776 0.027211
0.261946 0.723308 0.014746
0.272505 0.727485 0.000010
0.282392 0.717598 0.000010
0.175311 0.697144 0.127545
0.261013 0.721153 0.017834
0.258694 0.709487 0.031818
0.234908 0.765082 0.000010
0.284294 0.715696 0.000010
0.254286 0.725813 0.019900
0.208692 0.766327 0.024981
0.270863 0.729127 0.000010
0.282796 0.717194 0.000010
0.249144 0.718634 0.032221
0.250397 0.749523 0.000081
0.273522 0.726468 0.000010
0.281975 0.718015 0.000010
0.150867 0.735259 0.113875
0.272439 0.722073 0.005488
0.266984 0.733006 0.000010
0.266051 0.733939 0.000010
0.275797 0.724193 0.000010
0.248161 0.716899 0.034940
0.234673 0.765317 0.000010
0.236115 0.726977 0.036908
0.230612 0.769378 0.000010
0.218863 0.781127 0.000010
0.240409 0.759581 0.000010
0.228373 0.763029 0.008598
0.128415 0.742093 0.129492
0.138817 0.753279 0.107904
0.120783 0.776508 0.102709
0.102177 0.776047 0.121777
0.143222 0.756942 0.099836
0.121402 0.772726 0.105872
0.120126 0.786022 0.093853
0.149368 0.706257 0.144375
0.142346 0.733000 0.124654
0.119916 0.775420 0.104664
0.110824 0.819706 0.069470
0.098268 0.833294 0.068438
0.100732 0.823374 0.075893
0.122951 0.745196 0.131853
0.123803 0.757157 0.119040
0.126892 0.725476 0.147632
0.130193 0.765555 0.104252
0.146827 0.744183 0.108991
0.140363 0.759552 0.100084
0.122387 0.758388 0.119225
0.135180 0.752676 0.112144
0.119502 0.762241 0.118258
0.133442 0.777969 0.088589
0.119832 0.767604 0.112564
0.139702 0.756311 0.103987
0.124248 0.768864 0.106888
0.134742 0.760891 0.104367
0.120655 0.763730 0.115615
0.118076 0.775022 0.106902
0.123924 0.740088 0.135988
0.107249 0.744551 0.148200
0.127096 0.758244 0.114661
0.118806 0.705420 0.175774
0.252999 0.736558 0.010443
0.233706 0.759699 0.006595
0.108910 0.816787 0.074303
0.129612 0.781038 0.089350
0.103853 0.802129 0.094018
0.136114 0.744780 0.119106
0.145888 0.744530 0.109582
0.110128 0.802824 0.087049
0.121334 0.772703 0.105963
0.100433 0.824802 0.074765
0.107794 0.775426 0.116780
0.108313 0.775933 0.115754
0.136046 0.705908 0.158046
0.153301 0.713278 0.133421
0.128165 0.752641 0.119194
0.148382 0.760802 0.090816
0.140574 0.715014 0.144412
0.125923 0.757649 0.116428
0.123119 0.765867 0.111014
0.129012 0.745281 0.125708
0.141024 0.753585 0.105391
0.097918 0.782613 0.119470
0.145942 0.747702 0.106356
0.105479 0.809147 0.085373
0.095733 0.816467 0.087800
0.103078 0.770125 0.126798
0.123005 0.750966 0.126029
0.263344 0.718806 0.017850
0.237117 0.722603 0.040281
0.266105 0.733885 0.000010
0.313008 0.686982 0.000010
0.264412 0.699543 0.036045
0.243975 0.722639 0.033386
0.143288 0.737537 0.119175
0.083775 0.878378 0.037847
0.215684 0.763714 0.020602
0.285463 0.714527 0.000010
0.266887 0.688940 0.044172
0.252597 0.747393 0.000010
0.286323 0.713667 0.000010
0.270472 0.729518 0.000010
0.213024 0.742051 0.044926
0.278890 0.721100 0.000010
0.144554 0.746521 0.108925
0.087202 0.853775 0.059023
0.168925 0.699874 0.131201
0.148671 0.740585 0.110744
0.289602 0.710388 0.000010
0.143850 0.735902 0.120249
0.217984 0.734793 0.047223
0.279199 0.720791 0.000010
0.109451 0.827726 0.062823
0.156563 0.716607 0.126830
0.232207 0.747212 0.020581
0.139916 0.742973 0.117111
0.236091 0.709263 0.054646
0.116573 0.799120 0.084307
0.097923 0.841939 0.060137
0.297109 0.702881 0.000010
0.207804 0.739461 0.052734
0.156432 0.727021 0.116546
0.146477 0.754285 0.099238
0.081057 0.866511 0.052431
0.146116 0.702418 0.151466
0.291763 0.708227 0.000010
0.100150 0.808710 0.091140
0.080348 0.856028 0.063624
0.052732 0.881003 0.066265
0.139212 0.758169 0.102618
0.150293 0.742081 0.107625
0.147573 0.713040 0.139386
0.160252 0.708248 0.131500
0.106485 0.814080 0.079435
0.079386 0.883106 0.037508
0.162553 0.716255 0.121193
0.142121 0.752668 0.105211
0.107556 0.814807 0.077636
0.144792 0.734690 0.120519
0.092377 0.847089 0.060533
0.072208 0.858137 0.069655
0.123498 0.737574 0.138928
0.156431 0.703504 0.140065
0.080662 0.848336 0.071002
0.154935 0.716458 0.128608
0.068349 0.876648 0.055003
0.358676 0.253653 0.387671
0.250235 0.614644 0.135120
0.000010 0.390657 0.609333
0.000010 0.000010 0.999980
0.000010 0.400622 0.599368
0.000010 0.000010 0.999980
0.000010 0.000010 0.999980
0.000010 0.000010 0.999980
0.000010 0.000010 0.999980
0.000010 0.000010 0.999980
0.000010 0.341612 0.658378
0.000010 0.000010 0.999980
0.000010 0.000010 0.999980
0.000010 0.000010 0.999980
0.000010 0.000010 0.999980
0.691129 0.000010 0.308861
0.000010 0.000010 0.999980
0.999980 0.000010 0.000010
0.000010 0.000010 0.999980
0.000010 0.000010 0.999980
0.000010 0.000010 0.999980
0.710529 0.000010 0.289461
0.684063 0.000010 0.315927
0.617884 0.000010 0.382106
0.657598 0.000010 0.342392
0.000010 0.000010 0.999980
0.947551 0.000010 0.052439
0.999980 0.000010 0.000010
0.999980 0.000010 0.000010
0.418442 0.234758 0.346800
0.641867 0.000010 0.358123
0.650692 0.000010 0.349298
0.530479 0.000010 0.469511
0.723033 0.000010 0.276957
0.683920 0.000010 0.316070
0.660621 0.000010 0.339369
0.600291 0.000010 0.399699
0.744469 0.000010 0.255521
0.847554 0.000010 0.152436
0.000010 0.000010 0.999980
0.000010 0.000010 0.999980
0.000010 0.000010 0.999980
0.999980 0.000010 0.000010
0.999980 0.000010 0.000010
0.999980 0.000010 0.000010
0.000010 0.000010 0.999980
0.000010 0.000010 0.999980
0.000010 0.000010 0.999980
0.000010 0.000010 0.999980
0.000010 0.000010 0.999980
0.000010 0.000010 0.999980
0.000010 0.000010 0.999980
0.000010 0.000010 0.999980
0.999980 0.000010 0.000010
0.999980 0.000010 0.000010
0.999980 0.000010 0.000010
0.999980 0.000010 0.000010
0.999980 0.000010 0.000010
0.999980 0.000010 0.000010
0.999980 0.000010 0.000010
0.029749 0.000010 0.970241
0.000010 0.343209 0.656781
0.000010 0.000010 0.999980
0.000010 0.000010 0.999980
0.689438 0.000010 0.310552
0.564326 0.238581 0.197094
0.571986 0.136280 0.291735
0.000010 0.371790 0.628200
0.000010 0.000010 0.999980
0.000010 0.000010 0.999980
0.316586 0.683404 0.000010
0.000010 0.573526 0.426464
