0.085971 0.000010 0.231119 0.003353 0.679547
0.104772 0.000010 0.192895 0.010263 0.692060
0.095043 0.005798 0.205255 0.004772 0.689133
0.049761 0.006335 0.225022 0.000010 0.718871
0.076238 0.004777 0.216805 0.000010 0.702170
0.085882 0.000010 0.204492 0.000010 0.709606
0.091132 0.007265 0.204867 0.000010 0.696727
0.077174 0.000010 0.198515 0.000010 0.724291
0.033619 0.000010 0.252818 0.000010 0.713543
0.081587 0.008887 0.200099 0.003819 0.705607
0.057638 0.000010 0.240941 0.017794 0.683617
0.117376 0.000010 0.168342 0.000010 0.714262
0.100181 0.000010 0.205053 0.000010 0.694745
0.058755 0.000010 0.233214 0.000385 0.707636
0.070002 0.005305 0.224964 0.000010 0.699719
0.075970 0.000010 0.238843 0.003651 0.681526
0.096544 0.000010 0.207719 0.000010 0.695717
0.136153 0.007575 0.139665 0.001486 0.715122
0.032298 0.000010 0.261333 0.000010 0.706349
0.056146 0.000010 0.244931 0.000010 0.698903
0.057869 0.016831 0.224084 0.000010 0.701206
0.095610 0.000010 0.182040 0.000010 0.722330
0.092017 0.002462 0.203176 0.011495 0.690850
0.087307 0.009651 0.217316 0.007364 0.678361
0.095400 0.055514 0.173977 0.000010 0.675098
0.278674 0.000010 0.000010 0.047829 0.673477
0.257557 0.000010 0.031268 0.063538 0.647627
0.268640 0.000010 0.000010 0.058424 0.672916
0.251691 0.000010 0.000010 0.087864 0.660425
0.269336 0.000010 0.000010 0.056748 0.673896
0.273376 0.000010 0.001603 0.058645 0.666366
0.246965 0.000010 0.000010 0.099134 0.653881
0.272528 0.000010 0.000010 0.054426 0.673027
0.275467 0.000010 0.000010 0.045326 0.679187
0.023724 0.000010 0.266326 0.000010 0.709931
0.000010 0.003211 0.294956 0.000010 0.701813
0.017020 0.016167 0.271269 0.000010 0.695534
0.015437 0.001891 0.275565 0.000010 0.707097
0.027086 0.003785 0.289847 0.000010 0.679272
0.000140 0.021855 0.243200 0.000010 0.734795
0.010280 0.000018 0.290919 0.000010 0.698773
0.005322 0.000010 0.283440 0.000010 0.711218
0.016546 0.018285 0.273859 0.000010 0.691301
0.016761 0.000010 0.281104 0.000010 0.702115
0.000010 0.002990 0.295715 0.000010 0.701275
0.002764 0.010217 0.271701 0.000010 0.715308
0.020725 0.016704 0.264589 0.000010 0.697972
0.261985 0.000010 0.000010 0.060687 0.677307
0.273918 0.000010 0.000010 0.056400 0.669662
0.269246 0.000010 0.000010 0.077942 0.652793
0.254720 0.000010 0.000010 0.069246 0.676015
0.283542 0.000010 0.000010 0.042981 0.673457
0.283005 0.000010 0.000010 0.039642 0.677333
0.280084 0.000010 0.000010 0.059844 0.660052
0.260260 0.000010 0.000010 0.057121 0.682600
0.257252 0.000010 0.000010 0.059667 0.683061
0.266918 0.000010 0.000010 0.036281 0.696780
0.289383 0.000010 0.000010 0.052786 0.657811
0.277264 0.000010 0.000010 0.066253 0.656463
0.270086 0.000010 0.000010 0.057314 0.672580
0.283665 0.000010 0.000010 0.033833 0.682482
0.287268 0.000010 0.000010 0.050466 0.662247
0.270031 0.000010 0.000010 0.045157 0.684792
0.285157 0.000010 0.000010 0.043504 0.671319
0.270801 0.000010 0.000010 0.056364 0.672814
0.137882 0.000010 0.148996 0.024383 0.688729
0.148270 0.000010 0.129359 0.006978 0.715382
0.129896 0.000010 0.152476 0.077614 0.640005
0.126442 0.018008 0.133003 0.059403 0.663145
0.133728 0.000010 0.128026 0.063032 0.675204
0.143214 0.000010 0.117570 0.054464 0.684741
0.159459 0.000010 0.162111 0.020546 0.657874
0.182112 0.000010 0.130812 0.008093 0.678973
0.129409 0.000010 0.140826 0.052481 0.677274
0.147620 0.000010 0.152151 0.005201 0.695018
0.135417 0.000010 0.136891 0.056801 0.670882
0.169228 0.000010 0.133467 0.012249 0.685047
0.135202 0.004373 0.138313 0.056927 0.665185
0.161205 0.000010 0.124736 0.024349 0.689700
0.118865 0.000010 0.134464 0.065298 0.681362
0.142942 0.015438 0.129023 0.051488 0.661108
0.119654 0.010142 0.158805 0.022954 0.688446
0.124414 0.000010 0.156323 0.052953 0.666299
0.158867 0.000010 0.126109 0.030366 0.684649
0.166377 0.000010 0.145584 0.010225 0.677804
0.121813 0.000010 0.096218 0.000010 0.781949
0.104188 0.000010 0.096741 0.000010 0.799052
0.092736 0.000010 0.092630 0.000010 0.814613
0.117438 0.000747 0.084205 0.000010 0.797600
0.130411 0.000010 0.087429 0.000010 0.782140
0.103928 0.000010 0.103850 0.000010 0.792202
0.134559 0.000010 0.080640 0.000010 0.784781
0.116400 0.007039 0.083607 0.000010 0.792943
0.106179 0.000010 0.111404 0.000010 0.782397
0.115235 0.000010 0.104771 0.000010 0.779974
0.119912 0.001081 0.100825 0.000010 0.778172
0.117249 0.000013 0.092388 0.000010 0.790339
0.101938 0.000010 0.111822 0.000010 0.786220
0.114607 0.000010 0.091980 0.000010 0.793393
0.134877 0.000010 0.087153 0.000010 0.777950
0.127749 0.017755 0.054357 0.000010 0.800129
0.108731 0.014129 0.082561 0.000010 0.794569
0.119138 0.000010 0.108545 0.000010 0.772297
0.124689 0.000010 0.098167 0.001640 0.775494
0.136280 0.000010 0.063068 0.000010 0.800632
0.103853 0.000010 0.201485 0.000010 0.694642
0.089006 0.000010 0.218491 0.000010 0.692483
0.083089 0.000010 0.247273 0.000010 0.669619
0.000010 0.000010 0.339530 0.000010 0.660440
0.055578 0.032524 0.207513 0.035630 0.668755
0.069151 0.000010 0.196322 0.057305 0.677212
0.057594 0.000010 0.246916 0.010102 0.685378
0.000010 0.000010 0.332401 0.000010 0.667569
0.091114 0.000010 0.194992 0.080766 0.633118
0.039007 0.000010 0.279265 0.000010 0.681708
0.035785 0.000010 0.257824 0.010195 0.696186
0.000010 0.000010 0.361618 0.000010 0.638352
0.095007 0.000010 0.189287 0.024101 0.691595
0.043280 0.013277 0.242694 0.007448 0.693300
0.057414 0.000010 0.275974 0.000010 0.666592
0.000010 0.000010 0.355575 0.000010 0.644395
0.148810 0.000010 0.202786 0.004337 0.644057
0.053376 0.000010 0.269044 0.000010 0.677560
0.000010 0.000010 0.331714 0.000010 0.668256
0.000010 0.000010 0.344000 0.000010 0.655970
0.077954 0.000010 0.233701 0.011496 0.676840
0.041714 0.000010 0.251626 0.000010 0.706640
0.000010 0.000010 0.327005 0.000010 0.672965
0.000010 0.000010 0.344003 0.000010 0.655967
0.094746 0.000010 0.183935 0.026177 0.695132
0.042602 0.000010 0.273254 0.000010 0.684124
0.000010 0.000010 0.347780 0.000010 0.652190
0.091210 0.000010 0.210773 0.007278 0.690729
0.073040 0.000010 0.237364 0.000010 0.689576
0.000010 0.000010 0.328950 0.000010 0.671020
0.000010 0.000010 0.326818 0.000010 0.673152
0.000010 0.000018 0.305706 0.000010 0.694256
0.000010 0.095188 0.235083 0.000010 0.669709
0.000010 0.011259 0.324012 0.000010 0.664709
0.002388 0.006392 0.308381 0.000010 0.682829
0.025115 0.000010 0.304407 0.000010 0.670458
0.000010 0.000010 0.331909 0.000010 0.668061
0.000010 0.000010 0.315267 0.000010 0.684703
0.000012 0.010372 0.327838 0.000010 0.661769
0.013690 0.002712 0.293728 0.000010 0.689860
0.000010 0.000010 0.351537 0.000010 0.648433
0.000010 0.000010 0.361396 0.000010 0.638574
0.000010 0.000010 0.311626 0.000010 0.688344
0.000010 0.002099 0.309363 0.000010 0.688518
0.000010 0.009035 0.333709 0.000010 0.657236
0.000010 0.000010 0.306472 0.000010 0.693498
0.000010 0.000010 0.300099 0.000010 0.699871
0.000010 0.000010 0.328365 0.000010 0.671605
0.000010 0.000010 0.302979 0.000010 0.696991
0.000010 0.000010 0.331372 0.000010 0.668598
0.000010 0.000010 0.335596 0.000010 0.664374
0.000014 0.000470 0.321046 0.000010 0.678460
0.000010 0.000010 0.303895 0.000010 0.696075
0.015573 0.000010 0.301655 0.000010 0.682752
0.000010 0.000010 0.305942 0.000010 0.694028
0.000010 0.000010 0.311051 0.000010 0.688919
0.000010 0.000010 0.333776 0.000010 0.666194
0.011493 0.000010 0.282482 0.000010 0.706005
0.000010 0.000010 0.343495 0.000010 0.656475
0.034356 0.000010 0.263277 0.000010 0.702348
0.015695 0.006605 0.275403 0.000010 0.702287
0.005356 0.001143 0.274934 0.000010 0.718557
0.000010 0.012815 0.290319 0.000010 0.696846
0.139796 0.000010 0.150947 0.054650 0.654598
0.054363 0.000010 0.263623 0.000010 0.681993
0.016813 0.000010 0.262315 0.000010 0.720852
0.000010 0.000010 0.284571 0.000010 0.715399
0.008799 0.004615 0.296626 0.000010 0.689950
0.150873 0.000010 0.137774 0.052343 0.659000
0.044706 0.000010 0.247444 0.000010 0.707830
0.045575 0.000010 0.267264 0.000010 0.687141
0.007716 0.000010 0.292255 0.000010 0.700009
0.005028 0.006934 0.276729 0.000010 0.711298
0.127758 0.009613 0.153063 0.068348 0.641218
0.025264 0.000010 0.258030 0.000010 0.716686
0.044481 0.000010 0.269188 0.000010 0.686311
0.021298 0.000012 0.280026 0.000010 0.698654
0.001429 0.000010 0.299748 0.000010 0.698803
0.157113 0.000010 0.145314 0.079739 0.617824
0.052864 0.005594 0.246296 0.000010 0.695236
0.026642 0.012068 0.265232 0.000010 0.696047
0.000010 0.012896 0.280753 0.000010 0.706331
0.015702 0.000950 0.291999 0.000010 0.691340
0.141884 0.000010 0.193945 0.018722 0.645439
0.034981 0.010540 0.275023 0.000010 0.679445
0.043877 0.000632 0.276121 0.004421 0.674950
0.040983 0.000010 0.248832 0.000010 0.710164
0.012558 0.004775 0.296386 0.000010 0.686271
0.046138 0.000010 0.260128 0.000010 0.693714
0.056623 0.000010 0.222442 0.000010 0.720915
0.000785 0.032501 0.262977 0.000010 0.703726
0.000010 0.000010 0.296479 0.000010 0.703491
0.036393 0.038410 0.256156 0.005968 0.663073
0.032229 0.000010 0.272518 0.000010 0.695233
0.003388 0.000010 0.298942 0.000010 0.697650
0.012428 0.000010 0.313629 0.000010 0.673923
0.105166 0.000010 0.152475 0.072617 0.669732
0.016491 0.033673 0.266929 0.000010 0.682897
0.020790 0.000010 0.285786 0.000010 0.693404
0.006158 0.000010 0.275975 0.000010 0.717847
0.008884 0.002004 0.278173 0.000010 0.710929
0.059608 0.001241 0.266028 0.000010 0.673113
0.043103 0.000010 0.246760 0.000010 0.710117
0.057877 0.005287 0.249803 0.000010 0.687023
0.028656 0.000010 0.246977 0.000010 0.724346
0.033225 0.000010 0.227607 0.000010 0.739148
0.031180 0.000010 0.233854 0.000010 0.734946
0.042574 0.000010 0.247726 0.000010 0.709679
0.110098 0.004255 0.138345 0.070051 0.677250
0.094967 0.000010 0.152607 0.081648 0.670767
0.117275 0.005592 0.143351 0.059519 0.674263
0.119410 0.000010 0.119352 0.070335 0.690892
0.099814 0.004143 0.145981 0.069276 0.680786
0.123593 0.000010 0.142518 0.054914 0.678964
0.118968 0.000010 0.135248 0.072007 0.673767
0.108040 0.000233 0.168902 0.080873 0.641952
0.132116 0.016410 0.150092 0.062262 0.639119
0.095969 0.001465 0.137656 0.064267 0.700643
0.101937 0.001095 0.128732 0.018416 0.749821
0.103113 0.010558 0.106935 0.004551 0.774843
0.116268 0.009986 0.115574 0.000010 0.758162
0.109584 0.009779 0.140404 0.071664 0.668569
0.083779 0.000010 0.146782 0.105992 0.663437
0.130016 0.002492 0.135355 0.080346 0.651792
0.100237 0.008883 0.131480 0.074572 0.684827
0.107995 0.000010 0.160843 0.060338 0.670814
0.102538 0.007614 0.150440 0.051212 0.688196
0.108205 0.006159 0.144916 0.060096 0.680625
0.102332 0.009306 0.159935 0.063742 0.664685
0.120474 0.009740 0.130121 0.064359 0.675305
0.101766 0.000010 0.139015 0.064095 0.695114
0.131898 0.000010 0.137158 0.053392 0.677543
0.107805 0.009566 0.150579 0.056421 0.675629
0.100977 0.000010 0.133702 0.067109 0.698201
0.118590 0.000010 0.145773 0.053198 0.682429
0.111277 0.009793 0.125628 0.073738 0.679563
0.112151 0.000010 0.139209 0.084144 0.664485
0.123370 0.061342 0.103241 0.042124 0.669922
0.112708 0.003487 0.122989 0.087608 0.673209
0.109552 0.000010 0.142599 0.053560 0.694279
0.203651 0.000010 0.116704 0.010828 0.668807
0.026711 0.022668 0.249656 0.000010 0.700955
0.029650 0.000010 0.247898 0.000010 0.722432
0.127569 0.000010 0.122106 0.000010 0.750305
0.108506 0.000010 0.129038 0.054478 0.707969
0.128562 0.000010 0.121329 0.054797 0.695301
0.173547 0.000010 0.142763 0.008095 0.675585
0.119308 0.050605 0.135911 0.003528 0.690648
0.115924 0.004531 0.124209 0.023648 0.731688
0.117200 0.004960 0.133041 0.070993 0.673805
0.114171 0.000010 0.119202 0.010288 0.756329
0.164309 0.000010 0.130089 0.003530 0.702063
0.120802 0.001838 0.118699 0.057043 0.701619
0.153043 0.078869 0.113873 0.003381 0.650834
0.101664 0.003714 0.154455 0.076514 0.663652
0.113035 0.000010 0.145693 0.073530 0.667733
0.102762 0.000010 0.153793 0.070685 0.672750
0.104869 0.000010 0.155405 0.100788 0.638928
0.105933 0.002299 0.132776 0.065621 0.693370
0.106405 0.000010 0.134585 0.067866 0.691134
0.137208 0.000010 0.125869 0.062085 0.674827
0.104197 0.003242 0.162426 0.070672 0.659463
0.128571 0.000010 0.129802 0.060175 0.681443
0.109774 0.007297 0.152263 0.059790 0.670876
0.114118 0.000010 0.123757 0.056854 0.705262
0.134130 0.000010 0.105931 0.000010 0.759918
0.121562 0.009285 0.117951 0.077126 0.674076
0.083994 0.000010 0.144515 0.091746 0.679736
0.040569 0.009837 0.285794 0.000010 0.663790
0.062465 0.000010 0.241478 0.014586 0.681462
0.002439 0.000010 0.283419 0.000010 0.714121
0.005237 0.000010 0.305837 0.000010 0.688906
0.062422 0.035389 0.250495 0.000010 0.651684
0.064284 0.000010 0.256250 0.000010 0.679445
0.159887 0.000010 0.154259 0.015905 0.669939
0.107867 0.000010 0.105352 0.000010 0.786760
0.056907 0.000010 0.239738 0.004516 0.698829
0.025039 0.002115 0.296818 0.000010 0.676019
0.060753 0.000010 0.270394 0.000010 0.668833
0.013011 0.011280 0.253862 0.000010 0.721836
0.004286 0.029845 0.281849 0.000010 0.684010
0.006282 0.002596 0.283072 0.000010 0.708040
0.071097 0.000010 0.231134 0.000010 0.697750
0.000017 0.000010 0.282658 0.000010 0.717305
0.128059 0.043610 0.139649 0.002824 0.685858
0.113460 0.010123 0.104926 0.001189 0.770302
0.138644 0.000010 0.189143 0.026877 0.645326
0.140087 0.010737 0.160840 0.021701 0.666635
0.008579 0.000010 0.301182 0.000010 0.690220
0.138330 0.000010 0.156907 0.015289 0.689464
0.055130 0.000010 0.237775 0.024379 0.682707
0.000010 0.000010 0.291623 0.000010 0.708347
0.122928 0.000010 0.130774 0.000010 0.746278
0.157211 0.000010 0.170417 0.012640 0.659722
0.057996 0.000156 0.234240 0.001195 0.706413
0.149742 0.000010 0.158424 0.030014 0.661810
0.088518 0.000010 0.243611 0.000010 0.667851
0.115190 0.000010 0.141810 0.021558 0.721432
0.105509 0.041648 0.100288 0.000010 0.752545
0.000010 0.002849 0.306066 0.000010 0.691065
0.083671 0.000010 0.230249 0.000010 0.686060
0.140585 0.000010 0.172183 0.009383 0.677839
0.138756 0.000010 0.165670 0.011960 0.683604
0.110974 0.002871 0.105564 0.000010 0.780581
0.160055 0.000010 0.161958 0.028506 0.649471
0.000010 0.000010 0.306110 0.000010 0.693860
0.160438 0.000010 0.106134 0.000010 0.733408
0.113850 0.009113 0.092518 0.000010 0.784509
0.131070 0.004333 0.064633 0.000010 0.799954
0.144754 0.000010 0.167454 0.000010 0.687772
0.117792 0.000010 0.164277 0.050060 0.667860
0.160714 0.000010 0.164860 0.019398 0.655018
0.142272 0.000010 0.185497 0.019954 0.652267
0.125343 0.000010 0.125494 0.000010 0.749143
0.116483 0.003159 0.089355 0.000010 0.790993
0.150103 0.000010 0.173815 0.006221 0.669850
0.155644 0.000010 0.174913 0.006153 0.663280
0.134693 0.000010 0.121138 0.000010 0.744149
0.150849 0.000010 0.150357 0.005976 0.692807
0.132972 0.000010 0.117250 0.000010 0.749759
0.134848 0.003218 0.089157 0.000010 0.772766
0.160842 0.000010 0.136665 0.025827 0.676656
0.121645 0.000010 0.160804 0.075358 0.642183
0.128650 0.006736 0.086329 0.000010 0.778276
0.119599 0.000010 0.172496 0.050745 0.657151
0.116076 0.000010 0.093832 0.000010 0.790072
0.278484 0.000010 0.275845 0.000010 0.445651
0.075712 0.000010 0.303190 0.112805 0.508283
0.000010 0.000010 0.000010 0.999960 0.000010
0.000010 0.000010 0.000010 0.999960 0.000010
0.000010 0.000010 0.000010 0.999960 0.000010
0.999960 0.000010 0.000010 0.000010 0.000010
0.000010 0.999960 0.000010 0.000010 0.000010
0.999960 0.000010 0.000010 0.000010 0.000010
0.999960 0.000010 0.000010 0.000010 0.000010
0.000010 0.000010 0.000010 0.999960 0.000010
0.000010 0.000010 0.000010 0.999960 0.000010
0.000010 0.999960 0.000010 0.000010 0.000010
0.999960 0.000010 0.000010 0.000010 0.000010
0.999960 0.000010 0.000010 0.000010 0.000010
0.999960 0.000010 0.000010 0.000010 0.000010
0.094515 0.186171 0.459307 0.000010 0.259996
0.999960 0.000010 0.000010 0.000010 0.000010
0.000010 0.999960 0.000010 0.000010 0.000010
0.999960 0.000010 0.000010 0.000010 0.000010
0.000010 0.999960 0.000010 0.000010 0.000010
0.999960 0.000010 0.000010 0.000010 0.000010
0.253828 0.000010 0.746142 0.000010 0.000010
0.277547 0.000010 0.722423 0.000010 0.000010
0.000010 0.999960 0.000010 0.000010 0.000010
0.325165 0.000010 0.674805 0.000010 0.000010
0.999960 0.000010 0.000010 0.000010 0.000010
0.000010 0.000010 0.999960 0.000010 0.000010
0.000010 0.000010 0.999960 0.000010 0.000010
0.000010 0.000010 0.999960 0.000010 0.000010
0.000010 0.999960 0.000010 0.000010 0.000010
0.325432 0.000010 0.674538 0.000010 0.000010
0.000010 0.999960 0.000010 0.000010 0.000010
0.000010 0.000010 0.600516 0.399454 0.000010
0.216615 0.000010 0.783355 0.000010 0.000010
0.000010 0.000010 0.725133 0.274837 0.000010
0.252268 0.000010 0.747702 0.000010 0.000010
0.309045 0.115146 0.575789 0.000010 0.000010
0.000010 0.999959 0.000011 0.000010 0.000010
0.000010 0.000010 0.999960 0.000010 0.000010
0.999960 0.000010 0.000010 0.000010 0.000010
0.000010 0.999960 0.000010 0.000010 0.000010
0.000010 0.000010 0.000010 0.999960 0.000010
0.000010 0.999960 0.000010 0.000010 0.000010
0.000010 0.000010 0.999960 0.000010 0.000010
0.000010 0.000010 0.999960 0.000010 0.000010
0.999960 0.000010 0.000010 0.000010 0.000010
0.999960 0.000010 0.000010 0.000010 0.000010
0.000010 0.999960 0.000010 0.000010 0.000010
0.999960 0.000010 0.000010 0.000010 0.000010
0.000010 0.000010 0.000010 0.999960 0.000010
0.000010 0.000010 0.000010 0.999960 0.000010
0.999960 0.000010 0.000010 0.000010 0.000010
0.999960 0.000010 0.000010 0.000010 0.000010
0.000010 0.000010 0.999960 0.000010 0.000010
0.000010 0.000010 0.999960 0.000010 0.000010
0.000010 0.000010 0.999960 0.000010 0.000010
0.000010 0.000010 0.999960 0.000010 0.000010
0.000010 0.000010 0.999960 0.000010 0.000010
0.000010 0.000010 0.999960 0.000010 0.000010
0.000010 0.000010 0.999960 0.000010 0.000010
0.000010 0.000010 0.000010 0.999960 0.000010
0.000010 0.000010 0.000010 0.999960 0.000010
0.999960 0.000010 0.000010 0.000010 0.000010
0.000010 0.000010 0.000010 0.999960 0.000010
0.018537 0.224220 0.402288 0.000010 0.354946
0.000010 0.621425 0.378545 0.000010 0.000010
0.308002 0.000010 0.691968 0.000010 0.000010
0.000010 0.999960 0.000010 0.000010 0.000010
0.999960 0.000010 0.000010 0.000010 0.000010
0.000013 0.000010 0.000010 0.999957 0.000010
0.000010 0.000016 0.325571 0.000010 0.674393
0.331011 0.000010 0.000010 0.137455 0.531514
