0.685820 0.246757 0.033002 0.011578 0.020332 0.000010 0.002501
0.692888 0.209195 0.050962 0.034618 0.011231 0.000010 0.001097
0.684801 0.228227 0.056265 0.000010 0.016610 0.014077 0.000010
0.718272 0.236897 0.011660 0.000010 0.028034 0.000010 0.005118
0.705657 0.234027 0.019151 0.010628 0.019506 0.000010 0.011021
0.714182 0.224035 0.060033 0.001155 0.000575 0.000010 0.000010
0.709962 0.217914 0.049864 0.007769 0.005473 0.000010 0.009007
0.725127 0.217611 0.033565 0.011535 0.012143 0.000010 0.000010
0.701935 0.273448 0.018812 0.000010 0.000010 0.000010 0.005774
0.704156 0.220343 0.041459 0.000010 0.028283 0.000010 0.005739
0.688110 0.249219 0.039096 0.000010 0.013447 0.005022 0.005096
0.723183 0.183085 0.042655 0.000010 0.050720 0.000202 0.000144
0.690764 0.223645 0.046177 0.038032 0.001363 0.000010 0.000010
0.709724 0.245391 0.016320 0.000664 0.012826 0.000010 0.015065
0.690161 0.229663 0.036529 0.000010 0.002286 0.001513 0.039837
0.685316 0.242400 0.030142 0.016359 0.010455 0.001230 0.014099
0.704050 0.218310 0.050597 0.010163 0.010539 0.006331 0.000010
0.717164 0.158948 0.066242 0.002025 0.053784 0.001825 0.000010
0.703236 0.265747 0.000012 0.000010 0.016960 0.000010 0.014026
0.697197 0.252837 0.030447 0.008448 0.000010 0.000010 0.011051
0.708537 0.252570 0.006839 0.005933 0.022614 0.003497 0.000010
0.706470 0.199786 0.028970 0.064744 0.000010 0.000010 0.000010
0.699920 0.209161 0.067028 0.006523 0.000010 0.000282 0.017075
0.667800 0.228064 0.028119 0.003037 0.023250 0.035863 0.013866
0.678976 0.198743 0.043204 0.000010 0.031027 0.048029 0.000010
0.734271 0.000010 0.180739 0.050936 0.019257 0.014777 0.000010
0.702625 0.032439 0.171081 0.026071 0.031233 0.028580 0.007973
0.751141 0.000010 0.197546 0.019460 0.021220 0.010613 0.000010
0.732146 0.000010 0.191980 0.024891 0.036487 0.014477 0.000010
0.739019 0.000010 0.173792 0.043897 0.037802 0.005471 0.000010
0.722958 0.005692 0.174912 0.036482 0.042633 0.017313 0.000010
0.737261 0.000010 0.190378 0.022304 0.023364 0.026672 0.000010
0.735397 0.000010 0.200637 0.031005 0.027188 0.005753 0.000010
0.749891 0.000010 0.177012 0.035787 0.031626 0.005664 0.000010
0.703842 0.274951 0.000010 0.000010 0.000010 0.000010 0.021167
0.675276 0.305063 0.000010 0.000010 0.012555 0.000010 0.007077
0.680658 0.290384 0.001280 0.000010 0.004255 0.000010 0.023402
0.691459 0.291546 0.000010 0.000010 0.006914 0.000449 0.009613
0.657604 0.301683 0.000010 0.000010 0.028019 0.000010 0.012664
0.712574 0.278981 0.000010 0.000010 0.000010 0.000010 0.008405
0.677424 0.287998 0.000010 0.000010 0.000640 0.004828 0.029091
0.680974 0.295874 0.000010 0.000010 0.004406 0.000010 0.018716
0.681559 0.297197 0.000010 0.000010 0.000010 0.003227 0.017986
0.695672 0.304278 0.000010 0.000010 0.000010 0.000010 0.000010
0.672261 0.311572 0.000010 0.000010 0.013008 0.000010 0.003129
0.692143 0.291870 0.000010 0.000010 0.004389 0.000010 0.011568
0.690166 0.286234 0.000010 0.000010 0.017452 0.000010 0.006119
0.743944 0.000010 0.190366 0.017791 0.034498 0.013381 0.000010
0.737513 0.000010 0.194091 0.038759 0.023056 0.000010 0.006561
0.739618 0.000010 0.194610 0.022681 0.030129 0.012941 0.000010
0.740359 0.000010 0.189472 0.023906 0.031901 0.014343 0.000010
0.738040 0.000010 0.184132 0.032773 0.041771 0.003264 0.000010
0.743237 0.000010 0.196026 0.036333 0.023128 0.001255 0.000010
0.731003 0.000010 0.172276 0.048846 0.024266 0.023589 0.000010
0.755828 0.000010 0.197309 0.014617 0.023860 0.008367 0.000010
0.763315 0.000010 0.196603 0.026732 0.005665 0.007664 0.000010
0.761848 0.000010 0.171647 0.027222 0.022668 0.016594 0.000010
0.728482 0.000010 0.195566 0.035911 0.024466 0.015555 0.000010
0.726878 0.000010 0.192172 0.023053 0.029726 0.028152 0.000010
0.726368 0.000010 0.182031 0.039506 0.020861 0.020990 0.010234
0.758464 0.000010 0.197338 0.028067 0.003903 0.012208 0.000010
0.723806 0.000010 0.184212 0.034318 0.046821 0.010823 0.000010
0.744709 0.000010 0.181663 0.023145 0.029359 0.021104 0.000010
0.720811 0.004901 0.185440 0.046098 0.026159 0.016580 0.000010
0.741014 0.000010 0.187668 0.028218 0.041034 0.002045 0.000010
0.707875 0.166346 0.094704 0.020141 0.005346 0.005578 0.000010
0.739112 0.147086 0.091361 0.010194 0.006050 0.006188 0.000010
0.665751 0.157077 0.076594 0.018224 0.019698 0.062647 0.000010
0.678053 0.153327 0.084900 0.011638 0.017850 0.035262 0.018970
0.707926 0.132798 0.092954 0.034122 0.014891 0.010442 0.006867
0.724289 0.128533 0.103676 0.012083 0.023744 0.002986 0.004690
0.676909 0.175678 0.098060 0.034943 0.007933 0.006467 0.000010
0.695626 0.141754 0.099365 0.049368 0.004052 0.009825 0.000010
0.698134 0.162303 0.102311 0.021290 0.000010 0.015498 0.000454
0.707279 0.170609 0.099475 0.017853 0.004764 0.000010 0.000010
0.708905 0.147717 0.117522 0.007777 0.012688 0.002869 0.002521
0.706625 0.133964 0.083042 0.025700 0.003866 0.033117 0.013685
0.688843 0.149295 0.093352 0.041217 0.008024 0.009892 0.009377
0.705054 0.141935 0.087345 0.049636 0.008799 0.007221 0.000010
0.711551 0.149587 0.115359 0.008920 0.000010 0.014562 0.000010
0.676886 0.157172 0.083196 0.028127 0.021332 0.033277 0.000010
0.703750 0.164923 0.057046 0.023568 0.007727 0.015078 0.027907
0.702192 0.154983 0.082491 0.007909 0.005695 0.036698 0.010032
0.713567 0.137107 0.097370 0.015741 0.020887 0.006795 0.008532
0.701118 0.153333 0.100740 0.015379 0.011743 0.013386 0.004301
0.815148 0.095250 0.044155 0.000010 0.032848 0.000010 0.012579
0.818850 0.095768 0.020106 0.000010 0.027222 0.000010 0.038035
0.822550 0.100056 0.000948 0.000010 0.070318 0.000010 0.006107
0.808560 0.090837 0.022571 0.000010 0.067303 0.000010 0.010708
0.819379 0.093964 0.025344 0.000010 0.056532 0.000010 0.004762
0.811265 0.112411 0.016820 0.000010 0.049801 0.000010 0.009682
0.815307 0.085441 0.036452 0.000010 0.044703 0.000010 0.018077
0.819550 0.095663 0.037936 0.000010 0.031302 0.000010 0.015530
0.808540 0.123877 0.036107 0.000010 0.031446 0.000010 0.000010
0.811117 0.113870 0.022419 0.000010 0.052564 0.000010 0.000010
0.794294 0.099822 0.024905 0.000010 0.042531 0.008438 0.029999
0.801976 0.104708 0.029988 0.000010 0.060074 0.000010 0.003235
0.807047 0.114570 0.005424 0.000010 0.058145 0.000010 0.014795
0.812094 0.096739 0.008964 0.000010 0.071922 0.000212 0.010059
0.802966 0.091131 0.027683 0.000010 0.065498 0.004250 0.008462
0.830349 0.076446 0.042023 0.000010 0.039984 0.000010 0.011179
0.819887 0.083459 0.000010 0.000010 0.070581 0.000010 0.026044
0.791431 0.111586 0.035841 0.000010 0.041913 0.000010 0.019208
0.791181 0.108970 0.027401 0.000010 0.072417 0.000010 0.000010
0.839074 0.077876 0.017749 0.000010 0.065271 0.000010 0.000010
0.693779 0.224655 0.051733 0.024731 0.000010 0.005081 0.000010
0.674741 0.239236 0.052361 0.001264 0.000010 0.032378 0.000010
0.673769 0.258710 0.043438 0.003192 0.014530 0.000010 0.006352
0.628689 0.359719 0.000010 0.000010 0.000010 0.000010 0.011551
0.668311 0.234784 0.056721 0.000010 0.000010 0.011119 0.029046
0.671453 0.217698 0.049830 0.047249 0.000010 0.009656 0.004105
0.683097 0.269288 0.035818 0.000231 0.011061 0.000010 0.000494
0.634961 0.360685 0.000010 0.000010 0.000010 0.000010 0.004314
0.649140 0.207131 0.127384 0.005803 0.000010 0.010521 0.000010
0.681278 0.300510 0.015346 0.000010 0.000010 0.002836 0.000010
0.681554 0.273968 0.029906 0.000010 0.000010 0.012293 0.002259
0.609611 0.390339 0.000010 0.000010 0.000010 0.000010 0.000010
0.700244 0.205517 0.085484 0.000010 0.000010 0.006003 0.002733
0.688757 0.271676 0.028926 0.000010 0.006005 0.000891 0.003736
0.673685 0.294163 0.011588 0.000010 0.017815 0.000010 0.002728
0.622383 0.369812 0.000010 0.000010 0.000010 0.000010 0.007765
0.652676 0.215091 0.095749 0.019063 0.004600 0.007256 0.005564
0.679886 0.288338 0.017092 0.000886 0.003450 0.002374 0.007973
0.644546 0.352637 0.000010 0.000010 0.000010 0.000010 0.002777
0.618815 0.376149 0.000010 0.000010 0.000010 0.000010 0.004995
0.678433 0.246445 0.058618 0.000010 0.000010 0.009457 0.007026
0.699325 0.272977 0.025689 0.000010 0.000010 0.000010 0.001980
0.651614 0.348336 0.000010 0.000010 0.000010 0.000010 0.000010
0.639073 0.352955 0.000010 0.000010 0.000010 0.000010 0.007933
0.689566 0.202006 0.066052 0.028226 0.000010 0.011251 0.002889
0.687736 0.296766 0.010047 0.000010 0.000010 0.000010 0.005420
0.623656 0.376294 0.000010 0.000010 0.000010 0.000010 0.000010
0.681139 0.222293 0.055939 0.040593 0.000010 0.000017 0.000010
0.694846 0.258482 0.040105 0.003300 0.003246 0.000010 0.000010
0.640416 0.334946 0.000010 0.000010 0.000010 0.000010 0.024598
0.647562 0.347940 0.000010 0.000010 0.000010 0.000010 0.004458
0.660663 0.327635 0.000010 0.000010 0.000010 0.000010 0.011661
0.669552 0.305015 0.010049 0.000010 0.000010 0.000010 0.015354
0.640716 0.348134 0.000010 0.000010 0.000010 0.000010 0.011110
0.654635 0.336233 0.000010 0.000010 0.009091 0.000010 0.000010
0.661727 0.317714 0.000010 0.000010 0.014250 0.000010 0.006279
0.641490 0.358460 0.000010 0.000010 0.000010 0.000010 0.000010
0.661088 0.338862 0.000010 0.000010 0.000010 0.000010 0.000010
0.634660 0.352976 0.000010 0.000010 0.000010 0.000010 0.012324
0.675531 0.320047 0.000970 0.000010 0.003422 0.000010 0.000010
0.624931 0.375019 0.000010 0.000010 0.000010 0.000010 0.000010
0.608413 0.391537 0.000010 0.000010 0.000010 0.000010 0.000010
0.651434 0.348516 0.000010 0.000010 0.000010 0.000010 0.000010
0.654762 0.324244 0.000010 0.000010 0.000010 0.000010 0.020954
0.631425 0.359043 0.000010 0.000010 0.000010 0.000010 0.009493
0.659633 0.340317 0.000010 0.000010 0.000010 0.000010 0.000010
0.682443 0.317507 0.000010 0.000010 0.000010 0.000010 0.000010
0.645048 0.346181 0.000010 0.000010 0.000010 0.000010 0.008731
0.673740 0.320621 0.000010 0.000010 0.000010 0.000010 0.005599
0.650283 0.341815 0.000010 0.000010 0.000010 0.000010 0.007862
0.633475 0.359515 0.000010 0.000010 0.000010 0.000010 0.006970
0.636641 0.348585 0.000010 0.000010 0.000010 0.000010 0.014734
0.676913 0.314802 0.000010 0.000010 0.000010 0.000010 0.008245
0.671865 0.318875 0.008205 0.000010 0.000010 0.000010 0.001026
0.665679 0.334271 0.000010 0.000010 0.000010 0.000010 0.000010
0.661521 0.332814 0.000010 0.000010 0.000010 0.000010 0.005625
0.644145 0.355805 0.000010 0.000010 0.000010 0.000010 0.000010
0.681015 0.305541 0.000010 0.000010 0.000010 0.000010 0.013404
0.637822 0.362128 0.000010 0.000010 0.000010 0.000010 0.000010
0.692548 0.277678 0.026706 0.000010 0.000010 0.000010 0.003038
0.692904 0.295737 0.002071 0.000010 0.000010 0.000010 0.009258
0.696806 0.303144 0.000010 0.000010 0.000010 0.000010 0.000010
0.677735 0.310069 0.000010 0.000010 0.000010 0.000010 0.012156
0.677025 0.162844 0.075533 0.020404 0.018346 0.040292 0.005556
0.675204 0.268152 0.015196 0.015357 0.006628 0.000010 0.019454
0.713026 0.284552 0.000010 0.000010 0.000010 0.000010 0.002383
0.690153 0.303653 0.000010 0.000010 0.000010 0.000010 0.006154
0.666640 0.305375 0.000010 0.000010 0.014363 0.000010 0.013592
0.682290 0.155611 0.109413 0.044388 0.000010 0.008278 0.000010
0.702592 0.271704 0.020699 0.000010 0.000010 0.000010 0.004975
0.690182 0.284197 0.017160 0.000010 0.000010 0.004064 0.004377
0.684763 0.301222 0.000010 0.000010 0.000010 0.000010 0.013975
0.692988 0.284738 0.000010 0.000010 0.004654 0.000010 0.017589
0.663756 0.172719 0.094252 0.021610 0.000010 0.047642 0.000010
0.706838 0.280355 0.009510 0.000010 0.000010 0.003267 0.000010
0.687404 0.281285 0.011987 0.000378 0.002315 0.001379 0.015251
0.695325 0.290708 0.000010 0.000010 0.000503 0.000010 0.013434
0.680795 0.311025 0.000010 0.000010 0.008140 0.000010 0.000010
0.646045 0.152181 0.086840 0.034884 0.000010 0.067328 0.012711
0.691676 0.265225 0.023770 0.000010 0.004847 0.000010 0.014463
0.697730 0.290103 0.001980 0.000010 0.001135 0.003923 0.005120
0.678659 0.302441 0.000010 0.000010 0.005799 0.000010 0.013071
0.665406 0.300787 0.000010 0.000010 0.006846 0.000010 0.026931
0.654138 0.214704 0.076824 0.038289 0.000010 0.016025 0.000010
0.661959 0.280703 0.009649 0.000010 0.000010 0.008242 0.039427
0.662073 0.293356 0.024610 0.000729 0.000010 0.011110 0.008112
0.720733 0.273326 0.003035 0.000010 0.002876 0.000010 0.000010
0.661127 0.314196 0.004246 0.000010 0.004649 0.000010 0.015762
0.696555 0.287182 0.000015 0.005102 0.011126 0.000010 0.000010
0.713405 0.249674 0.036881 0.000010 0.000010 0.000010 0.000010
0.690838 0.304591 0.000010 0.000010 0.000018 0.004522 0.000010
0.680280 0.315515 0.000010 0.000010 0.000010 0.000010 0.004164
0.648223 0.282239 0.015090 0.000010 0.000010 0.035478 0.018950
0.691347 0.287405 0.001959 0.008840 0.000010 0.000010 0.010429
0.673229 0.324518 0.000010 0.000010 0.000010 0.002212 0.000010
0.650910 0.329792 0.003686 0.000010 0.004804 0.000010 0.010789
0.677685 0.178990 0.088694 0.054602 0.000010 0.000010 0.000010
0.682465 0.291633 0.000010 0.000010 0.020105 0.000010 0.005766
0.681662 0.290702 0.000010 0.000010 0.013699 0.000010 0.013907
0.704049 0.279502 0.000010 0.000010 0.008018 0.000010 0.008401
0.700126 0.299824 0.000010 0.000010 0.000010 0.000010 0.000010
0.673174 0.277431 0.023213 0.000010 0.021567 0.004595 0.000010
0.714416 0.263351 0.000010 0.000967 0.021236 0.000010 0.000010
0.676620 0.251563 0.039356 0.000010 0.002968 0.000010 0.029473
0.712305 0.243015 0.007845 0.000010 0.000010 0.000010 0.036805
0.728997 0.245684 0.021610 0.000010 0.003680 0.000010 0.000010
0.724085 0.251796 0.009057 0.000010 0.011022 0.000010 0.004021
0.710395 0.260619 0.010092 0.000010 0.010146 0.000010 0.008728
0.704569 0.135061 0.067392 0.060516 0.006482 0.002314 0.023665
0.710359 0.164164 0.116104 0.002068 0.007285 0.000010 0.000010
0.704813 0.148696 0.059463 0.003531 0.023563 0.054027 0.005907
0.723186 0.126141 0.102600 0.012599 0.028983 0.006480 0.000010
0.700324 0.156897 0.059573 0.061110 0.000010 0.005637 0.016449
0.704459 0.146815 0.054388 0.058382 0.028433 0.004356 0.003166
0.700602 0.135921 0.056843 0.023106 0.017456 0.062290 0.003781
0.660746 0.173134 0.104714 0.011975 0.027555 0.011200 0.010675
0.663981 0.157598 0.059754 0.020689 0.073212 0.021891 0.002876
0.725524 0.154129 0.104760 0.000014 0.015554 0.000010 0.000010
0.763720 0.144965 0.061831 0.002769 0.018636 0.000010 0.008069
0.784028 0.127355 0.026615 0.005874 0.055327 0.000791 0.000010
0.769253 0.130248 0.035959 0.001190 0.046634 0.005840 0.010875
0.699703 0.146536 0.069481 0.055772 0.021972 0.000010 0.006526
0.685742 0.156524 0.143076 0.000010 0.000010 0.014628 0.000010
0.686129 0.149488 0.131030 0.004262 0.015205 0.013875 0.000010
0.708373 0.143087 0.042292 0.075964 0.030264 0.000010 0.000010
0.698270 0.167443 0.052534 0.004179 0.017299 0.060265 0.000010
0.711430 0.163845 0.093441 0.000010 0.024636 0.001914 0.004724
0.704545 0.146244 0.058512 0.000579 0.028104 0.048776 0.013240
0.689063 0.173732 0.049791 0.056665 0.015957 0.000010 0.014782
0.705316 0.144883 0.064359 0.060263 0.018051 0.007118 0.000010
0.727013 0.151122 0.098104 0.000010 0.020790 0.002951 0.000010
0.724820 0.146523 0.113071 0.006288 0.002500 0.000010 0.006788
0.696547 0.155859 0.059621 0.008965 0.018302 0.046881 0.013826
0.718822 0.141981 0.072751 0.063589 0.000010 0.000010 0.002836
0.718420 0.152644 0.098421 0.005429 0.016628 0.004321 0.004136
0.702061 0.137997 0.057891 0.050692 0.047442 0.000010 0.003907
0.702823 0.145877 0.065521 0.070938 0.009365 0.005466 0.000010
0.700414 0.136945 0.066514 0.063238 0.032063 0.000817 0.000010
0.703195 0.126504 0.127053 0.000010 0.033275 0.001299 0.008665
0.717279 0.149214 0.053628 0.053727 0.019299 0.000010 0.006843
0.696221 0.137978 0.148406 0.006528 0.009741 0.000010 0.001117
0.699975 0.264565 0.006518 0.000010 0.001876 0.000010 0.027046
0.721655 0.267689 0.000010 0.000010 0.008586 0.000010 0.002040
0.752595 0.143992 0.103120 0.000010 0.000010 0.000264 0.000010
0.734075 0.141440 0.060390 0.042625 0.017692 0.003479 0.000298
0.736707 0.122926 0.082482 0.000010 0.057855 0.000010 0.000010
0.694878 0.153259 0.107966 0.002666 0.023636 0.017585 0.000010
0.713429 0.163422 0.050864 0.047712 0.016226 0.005298 0.003049
0.750168 0.127380 0.046375 0.000010 0.060427 0.003594 0.012046
0.703209 0.139476 0.062417 0.052823 0.016973 0.019143 0.005958
0.776155 0.122288 0.047479 0.000010 0.046794 0.000010 0.007265
0.715904 0.133952 0.058086 0.000666 0.068080 0.011829 0.011484
0.730454 0.127296 0.098566 0.015547 0.028117 0.000010 0.000010
0.673443 0.150124 0.076862 0.078074 0.009422 0.008753 0.003322
0.693965 0.161510 0.108847 0.012862 0.010980 0.011826 0.000010
0.696465 0.160655 0.126471 0.007228 0.004936 0.004234 0.000010
0.712002 0.157542 0.107878 0.000010 0.022549 0.000010 0.000010
0.672316 0.162542 0.133341 0.015747 0.016035 0.000010 0.000010
0.713847 0.137096 0.069656 0.047115 0.019294 0.000010 0.012982
0.723877 0.136152 0.045531 0.055925 0.025239 0.006023 0.007253
0.717332 0.135871 0.118315 0.008774 0.018233 0.001464 0.000010
0.674242 0.164848 0.054902 0.012803 0.029191 0.053305 0.010708
0.715523 0.126504 0.070640 0.051331 0.024248 0.003827 0.007926
0.698809 0.165535 0.059955 0.044675 0.024900 0.006116 0.000010
0.741673 0.138151 0.109232 0.001353 0.009571 0.000010 0.000010
0.780552 0.122429 0.079026 0.000010 0.013066 0.004907 0.000010
0.698366 0.130506 0.078733 0.009031 0.016157 0.064577 0.002630
0.704618 0.151934 0.106369 0.013745 0.022910 0.000010 0.000414
0.654159 0.288029 0.017978 0.000010 0.010927 0.000010 0.028888
0.682418 0.257520 0.042492 0.000010 0.014425 0.003125 0.000010
0.697660 0.292942 0.000010 0.000010 0.000010 0.000010 0.009358
0.663534 0.315314 0.000010 0.000010 0.021113 0.000010 0.000010
0.665856 0.275495 0.023573 0.013633 0.003177 0.004394 0.013871
0.682871 0.271434 0.003872 0.029660 0.000010 0.004160 0.007993
0.683466 0.175209 0.116425 0.016693 0.000010 0.008188 0.000010
0.801918 0.110084 0.020059 0.000010 0.054223 0.000010 0.013696
0.709865 0.248477 0.023760 0.000010 0.006534 0.002180 0.009173
0.664749 0.312109 0.000010 0.005657 0.012024 0.000010 0.005442
0.668924 0.286179 0.037642 0.000010 0.003475 0.001380 0.002389
0.714169 0.275234 0.000010 0.000010 0.000012 0.000010 0.010554
0.681350 0.311086 0.000010 0.000010 0.000344 0.000010 0.007189
0.697539 0.291802 0.000010 0.000010 0.000010 0.000010 0.010619
0.699284 0.248152 0.044254 0.008280 0.000010 0.000010 0.000010
0.696227 0.299262 0.000010 0.000010 0.000010 0.000010 0.004471
0.693514 0.180558 0.098265 0.018331 0.000010 0.009311 0.000010
0.783715 0.109037 0.028561 0.000010 0.056425 0.006449 0.015803
0.651200 0.207717 0.077811 0.018988 0.000875 0.036749 0.006660
0.670007 0.178055 0.090008 0.013141 0.000010 0.035355 0.013424
0.670099 0.325076 0.000010 0.000010 0.002370 0.002425 0.000010
0.686219 0.177506 0.109369 0.013657 0.000010 0.013230 0.000010
0.677983 0.256102 0.046337 0.000013 0.000010 0.010385 0.009170
0.681247 0.312890 0.000010 0.000010 0.000010 0.000010 0.005823
0.755548 0.135967 0.051076 0.001130 0.047469 0.000010 0.008800
0.665475 0.178631 0.074448 0.048575 0.000010 0.020348 0.012513
0.695607 0.258270 0.037923 0.000010 0.000010 0.008170 0.000010
0.674420 0.173864 0.092172 0.020032 0.000010 0.039492 0.000010
0.668214 0.258165 0.053677 0.000010 0.005059 0.004658 0.010217
0.740573 0.152406 0.055546 0.000010 0.048040 0.002681 0.000744
0.786413 0.126956 0.030463 0.000010 0.048226 0.000010 0.007922
0.657416 0.324330 0.000010 0.000010 0.002383 0.000010 0.015840
0.697708 0.246196 0.038740 0.008768 0.000010 0.005946 0.002633
0.665233 0.198405 0.076536 0.022879 0.000010 0.036926 0.000010
0.685300 0.183808 0.081060 0.012266 0.000010 0.037545 0.000010
0.791484 0.124013 0.029657 0.005805 0.049021 0.000010 0.000010
0.674508 0.172961 0.099370 0.011151 0.000010 0.041990 0.000010
0.678068 0.318051 0.000010 0.000010 0.000010 0.000010 0.003840
0.757716 0.124933 0.056603 0.002591 0.057545 0.000233 0.000379
0.806352 0.103106 0.035966 0.000010 0.041276 0.000010 0.013279
0.818005 0.082580 0.034704 0.000010 0.064681 0.000010 0.000010
0.702469 0.182318 0.103962 0.003089 0.000010 0.008141 0.000010
0.681642 0.185764 0.111067 0.014801 0.000010 0.006706 0.000010
0.666596 0.178355 0.102270 0.020549 0.000010 0.032209 0.000010
0.660408 0.201227 0.100835 0.016731 0.000010 0.018774 0.002015
0.764340 0.124966 0.040716 0.000010 0.055090 0.006026 0.008853
0.811733 0.105924 0.017310 0.009898 0.031626 0.000010 0.023499
0.680459 0.192739 0.087892 0.021400 0.000010 0.017490 0.000010
0.675838 0.187305 0.085952 0.050874 0.000010 0.000010 0.000010
0.770142 0.129224 0.060765 0.000010 0.033286 0.002014 0.004558
0.706288 0.173906 0.102885 0.007262 0.000446 0.009203 0.000010
0.777754 0.126313 0.046769 0.000010 0.049135 0.000010 0.000010
0.793243 0.103298 0.047206 0.000010 0.050403 0.000010 0.005829
0.691209 0.155063 0.107530 0.027442 0.000010 0.014517 0.004229
0.660252 0.174828 0.127500 0.018796 0.000010 0.018604 0.000010
0.798734 0.101132 0.041005 0.000010 0.055752 0.000010 0.003356
0.676872 0.180378 0.079522 0.018587 0.002573 0.028011 0.014057
0.827092 0.099575 0.021626 0.004548 0.039067 0.000010 0.008082
0.416736 0.308676 0.274549 0.000010 0.000010 0.000010 0.000010
0.000010 0.000010 0.000010 0.000010 0.000010 0.000010 0.999940
0.557759 0.000010 0.406111 0.000010 0.000010 0.036091 0.000010
0.000010 0.000010 0.000010 0.000010 0.000010 0.999940 0.000010
0.000010 0.000010 0.000010 0.000010 0.000010 0.999940 0.000010
0.000010 0.000010 0.000010 0.999940 0.000010 0.000010 0.000010
0.000010 0.000010 0.999940 0.000010 0.000010 0.000010 0.000010
0.000010 0.000010 0.000010 0.000010 0.999940 0.000010 0.000010
0.000010 0.000010 0.000010 0.000010 0.000010 0.999940 0.000010
0.000010 0.000010 0.000010 0.000010 0.000010 0.000010 0.999940
0.000010 0.000010 0.999940 0.000010 0.000010 0.000010 0.000010
0.000010 0.000011 0.000010 0.999939 0.000010 0.000010 0.000010
0.000010 0.000010 0.000010 0.999940 0.000010 0.000010 0.000010
0.000010 0.000010 0.000010 0.999940 0.000010 0.000010 0.000010
0.000010 0.000010 0.999940 0.000010 0.000010 0.000010 0.000010
0.000010 0.621751 0.000010 0.000010 0.378199 0.000010 0.000010
0.000010 0.000010 0.000010 0.999940 0.000010 0.000010 0.000010
0.000010 0.999940 0.000010 0.000010 0.000010 0.000010 0.000010
0.000010 0.000011 0.999939 0.000010 0.000010 0.000010 0.000010
0.000010 0.000020 0.999930 0.000010 0.000010 0.000010 0.000010
0.000010 0.000010 0.000010 0.000010 0.999940 0.000010 0.000010
0.000010 0.630046 0.000010 0.000010 0.369904 0.000010 0.000010
0.000010 0.552111 0.000010 0.222903 0.129893 0.000010 0.095062
0.000010 0.000010 0.000010 0.000010 0.000010 0.000010 0.999940
0.000010 0.580457 0.000010 0.000010 0.419493 0.000010 0.000010
0.000010 0.000010 0.999940 0.000010 0.000010 0.000010 0.000010
0.000010 0.000010 0.000010 0.000010 0.000010 0.000010 0.999940
0.000010 0.999940 0.000010 0.000010 0.000010 0.000010 0.000010
0.000010 0.999940 0.000010 0.000010 0.000010 0.000010 0.000010
0.000010 0.000011 0.000010 0.000010 0.000010 0.000010 0.999939
0.000010 0.000010 0.000010 0.999940 0.000010 0.000010 0.000010
0.000010 0.000010 0.000010 0.000010 0.000010 0.000010 0.999940
0.000010 0.000010 0.000010 0.000010 0.999940 0.000010 0.000010
0.000010 0.594603 0.000010 0.000010 0.405347 0.000010 0.000010
0.000010 0.613945 0.000010 0.000010 0.386005 0.000010 0.000010
0.000010 0.000010 0.000010 0.000010 0.999940 0.000010 0.000010
0.000010 0.000010 0.000010 0.000010 0.000010 0.999940 0.000010
0.000010 0.709734 0.000010 0.000010 0.290216 0.000010 0.000010
0.000010 0.000010 0.000010 0.000010 0.999940 0.000010 0.000010
0.000010 0.000010 0.000010 0.000010 0.999940 0.000010 0.000010
0.000010 0.000010 0.999940 0.000010 0.000010 0.000010 0.000010
0.000010 0.000010 0.000010 0.000010 0.000010 0.999940 0.000010
0.000010 0.999940 0.000010 0.000010 0.000010 0.000010 0.000010
0.000010 0.999940 0.000010 0.000010 0.000010 0.000010 0.000010
0.000010 0.999940 0.000010 0.000010 0.000010 0.000010 0.000010
0.000010 0.000010 0.000010 0.999940 0.000010 0.000010 0.000010
0.000010 0.000010 0.000010 0.000010 0.999940 0.000010 0.000010
0.000010 0.000010 0.999940 0.000010 0.000010 0.000010 0.000010
0.000010 0.000010 0.000010 0.000010 0.999940 0.000010 0.000010
0.000010 0.000010 0.999940 0.000010 0.000010 0.000010 0.000010
0.000010 0.000010 0.000010 0.000010 0.999940 0.000010 0.000010
0.000010 0.000010 0.999940 0.000010 0.000010 0.000010 0.000010
0.000010 0.000010 0.000010 0.999940 0.000010 0.000010 0.000010
0.000010 0.999940 0.000010 0.000010 0.000010 0.000010 0.000010
0.000010 0.999940 0.000010 0.000010 0.000010 0.000010 0.000010
0.000010 0.999940 0.000010 0.000010 0.000010 0.000010 0.000010
0.000010 0.999940 0.000010 0.000010 0.000010 0.000010 0.000010
0.000010 0.999940 0.000010 0.000010 0.000010 0.000010 0.000010
0.000010 0.999940 0.000010 0.000010 0.000010 0.000010 0.000010
0.000010 0.999940 0.000010 0.000010 0.000010 0.000010 0.000010
0.000014 0.000010 0.000010 0.000010 0.999936 0.000010 0.000010
0.000010 0.000010 0.999940 0.000010 0.000010 0.000010 0.000010
0.000010 0.000010 0.000010 0.000010 0.000010 0.999940 0.000010
0.000010 0.000010 0.999940 0.000010 0.000010 0.000010 0.000010
0.000010 0.000010 0.000010 0.999940 0.000010 0.000010 0.000010
0.000010 0.000010 0.000010 0.000010 0.999940 0.000010 0.000010
0.000010 0.519001 0.000010 0.000010 0.370609 0.000010 0.110350
0.000010 0.000010 0.000010 0.000010 0.000010 0.000010 0.999940
0.000010 0.000010 0.000010 0.000010 0.000010 0.999940 0.000010
0.000010 0.000010 0.000010 0.000010 0.000010 0.999940 0.000010
0.598390 0.303471 0.000010 0.000010 0.070839 0.000010 0.027270
0.591104 0.000010 0.234734 0.063831 0.038644 0.066065 0.005612
