"V1" "V2" "V3"
"1" 0.552238690115054 0.282016171319406 0.165745138565541
"2" 0.552715139549684 0.241856912667135 0.205427947783182
"3" 0.562588908498487 0.254301452839592 0.18310963866192
"4" 0.592282991156677 0.283592671848508 0.124124336994815
"5" 0.567768442809507 0.271883003930793 0.1603485532597
"6" 0.570838089524512 0.260922050666641 0.168239859808847
"7" 0.563784826888877 0.25423996995768 0.181975203153443
"8" 0.571397848492839 0.254214726191802 0.174387425315358
"9" 0.57434024021116 0.303255132946137 0.122404626842702
"10" 0.565169864458727 0.262236750452742 0.172593385088531
"11" 0.555278861072045 0.276105564148656 0.1686155747793
"12" 0.582168249285818 0.220858224812992 0.19697352590119
"13" 0.565740352867697 0.252961785799074 0.18129786133323
"14" 0.559895487452489 0.292641541035617 0.147462971511894
"15" 0.554062184144005 0.280022980405036 0.16591483545096
"16" 0.547292813345866 0.289332109654687 0.163375076999448
"17" 0.567884545651357 0.253740954587148 0.178374499761494
"18" 0.590840906078377 0.198507663435509 0.210651430486114
"19" 0.566683325115638 0.307654225641162 0.1256624492432
"20" 0.597409645640984 0.263658694887883 0.138931659471133
"21" 0.570987929306315 0.288811497630999 0.140200573062686
"22" 0.606745708248577 0.221931215272558 0.171323076478865
"23" 0.568913285058896 0.254466781392007 0.176619933549097
"24" 0.552957473147292 0.267007570921964 0.180034955930744
"25" 0.576493162311583 0.232744335808167 0.19076250188025
"26" 0.56524688080779 0.0438086425493116 0.390944476642899
"27" 0.53072379041605 0.0763549226878204 0.39292128689613
"28" 0.56261220551032 0.0479199320309899 0.38946786245869
"29" 0.55507117156337 0.0526089269951964 0.392319901441434
"30" 0.549502409821835 0.0522496451066608 0.398247945071504
"31" 0.542036126677934 0.0611103196713765 0.39685355365069
"32" 0.558371247860321 0.0468983709620216 0.394730381177658
"33" 0.553253443625166 0.0464443844326987 0.400302171942136
"34" 0.549964559561086 0.0540710588338699 0.395964381605044
"35" 0.562117102892528 0.318823213402258 0.119059683705214
"36" 0.563140064148089 0.342150396420738 0.0947095394311726
"37" 0.630510379475806 0.363130136801029 0.00635948372316492
"38" 0.571705803280284 0.317450678020133 0.110843518699583
"39" 0.554681127026407 0.332735679532507 0.112583193441086
"40" 0.579604087647164 0.313601377667613 0.106794534685223
"41" 0.564168748122955 0.327737900950996 0.108093350926049
"42" 0.564145505548249 0.329599930019898 0.106254564431853
"43" 0.570441579871831 0.318310370558881 0.111248049569288
"44" 0.56550136021841 0.329589962393459 0.104908677388131
"45" 0.561245782423734 0.341781948652653 0.0969722689236127
"46" 0.56556678269349 0.324459447749182 0.109973769557328
"47" 0.622263045394928 0.35176383103678 0.025973123568292
"48" 0.563957548016461 0.0435486494983283 0.392493802485211
"49" 0.560263909821572 0.0468886934609062 0.392847396717522
"50" 0.560165035239231 0.0246164008080908 0.415218563952679
"51" 0.547891485174964 0.0496520470291538 0.402456467795882
"52" 0.549394984158816 0.0392713243926876 0.411333691448497
"53" 0.548937260554773 0.0467390234479963 0.404323715997231
"54" 0.550215717504666 0.0384916821697858 0.411292600325548
"55" 0.584509361971838 0.000435712720744855 0.415054925307417
"56" 0.576669561098805 0.0373267594974034 0.386003679403791
"57" 0.574947926963007 0.0451925463943219 0.379859526642671
"58" 0.57029637705027 0.021571220225861 0.408132402723869
"59" 0.542980046721679 0.0418919257571979 0.415128027521123
"60" 0.562082106312917 0.0514461134561921 0.386471780230891
"61" 0.588696955953904 0.00223842097975496 0.409064623066341
"62" 0.555784623265594 0.0395676317614306 0.404647744972975
"63" 0.580519653454578 0.0230491527628932 0.396431193782529
"64" 0.549859946707403 0.0564101895011302 0.393729863791467
"65" 0.577043746240124 0.0264047877154319 0.396551466044444
"66" 0.560478118077456 0.198229264232826 0.241292617689718
"67" 0.59056357255341 0.187218047473322 0.222218379973267
"68" 0.511339569765917 0.200552612258119 0.288107817975964
"69" 0.541182506503281 0.197191225702676 0.261626267794043
"70" 0.540351092212022 0.192823312557133 0.266825595230845
"71" 0.569987744633621 0.171466578691244 0.258545676675135
"72" 0.538782427526143 0.204640891786132 0.256576680687725
"73" 0.561208315416004 0.180271171000792 0.258520513583204
"74" 0.557688719736959 0.195625726318456 0.246685553944586
"75" 0.553716997583741 0.199110933291467 0.247172069124792
"76" 0.553329375401182 0.192922892768503 0.253747731830315
"77" 0.564151809952072 0.177706211412554 0.258141978635374
"78" 0.552349415099423 0.196631361067291 0.251019223833286
"79" 0.566817969913628 0.183557853099419 0.249624176986953
"80" 0.579099276290068 0.187390610989407 0.233510112720525
"81" 0.538663837862402 0.201344276470776 0.259991885666822
"82" 0.561743074393443 0.197123732539888 0.24113319306667
"83" 0.553491804894237 0.193434677309487 0.253073517796276
"84" 0.570958668415398 0.179550409856155 0.249490921728447
"85" 0.547947146618659 0.187607407520264 0.264445445861077
"86" 0.644536365546475 0.14721617805293 0.208247456400596
"87" 0.671942484027688 0.151595558534168 0.176461957438144
"88" 0.678462400733674 0.156856130406234 0.164681468860093
"89" 0.663860289946327 0.14018088982301 0.195958820230663
"90" 0.657881425723431 0.152313674623624 0.189804899652945
"91" 0.659666978057598 0.162872170622948 0.177460851319454
"92" 0.654857874708202 0.141564209200456 0.203577916091342
"93" 0.66556945955962 0.141335216228355 0.193095324212025
"94" 0.646885431355156 0.175607168414923 0.177507400229921
"95" 0.637965786503054 0.162648779195607 0.199385434301339
"96" 0.642768738623246 0.168944901695529 0.188286359681225
"97" 0.651203826323355 0.144719857249874 0.204076316426771
"98" 0.654769606024955 0.161161424371761 0.184068969603284
"99" 0.658685881659252 0.150649104749236 0.190665013591513
"100" 0.658137766335004 0.140650349929074 0.201211883735922
"101" 0.65780182831221 0.127899743165472 0.214298428522317
"102" 0.662171072675248 0.143993546342535 0.193835380982217
"103" 0.637425021523358 0.160193098745282 0.202381879731359
"104" 0.668553953714525 0.141707971657377 0.189738074628098
"105" 0.684730954550598 0.119738066484027 0.195530978965375
"106" 0.589714041025742 0.236062613503398 0.174223345470861
"107" 0.552782255055649 0.263651998615042 0.18356574632931
"108" 0.535737121974215 0.300264988539225 0.16399788948656
"109" 0.541355986578097 0.395773735777326 0.0628702776445767
"110" 0.551487077603778 0.264548604516501 0.183964317879721
"111" 0.569273391489687 0.245782968240999 0.184943640269313
"112" 0.55794740954691 0.299441039288668 0.142611551164422
"113" 0.559294661094064 0.389601459288365 0.0511038796175711
"114" 0.559557791401545 0.240830842170909 0.199611366427546
"115" 0.582370109275678 0.32363707881301 0.0939928119113116
"116" 0.567919862562468 0.307900354939567 0.124179782497966
"117" 0.555216131729444 0.426696224076068 0.0180876441944881
"118" 0.5655534031705 0.245797107102392 0.188649489727109
"119" 0.563626909170057 0.301463092213722 0.134909998616222
"120" 0.524983572131508 0.324726314423372 0.15029011344512
"121" 0.522731451965515 0.407370314792337 0.0698982332421479
"122" 0.522866071995471 0.249412941249236 0.227720986755292
"123" 0.542112800685435 0.328135486250895 0.12975171306367
"124" 0.54297436008965 0.383923055330762 0.0731025845795877
"125" 0.546754747876095 0.398757012925434 0.0544882391984708
"126" 0.538833189197548 0.273100431082958 0.188066379719494
"127" 0.575355852428076 0.30372642287483 0.120917724697095
"128" 0.541160093694158 0.381897133073077 0.076942773232765
"129" 0.534568620295413 0.3980812753195 0.0673501043850877
"130" 0.570810544915581 0.236035243823777 0.193154211260642
"131" 0.556344317477426 0.318212264833616 0.125443417688958
"132" 0.546111308895831 0.406140995130241 0.0477476959739284
"133" 0.559068291996785 0.262175176076262 0.178756531926953
"134" 0.561184033362684 0.290572008423876 0.14824395821344
"135" 0.539842697685913 0.378498991801831 0.0816583105122559
"136" 0.539726396288018 0.378582639981839 0.0816909637301432
"137" 0.559530792723922 0.364915207325142 0.0755539999509354
"138" 0.577227972422214 0.341136312145157 0.081635715432629
"139" 0.532913870568293 0.390334387690843 0.0767517417408642
"140" 0.55003450700086 0.361332716715315 0.0886327762838249
"141" 0.542464810925582 0.341319198298024 0.116215990776394
"142" 0.535862350686174 0.394334792762869 0.0698028565509571
"143" 0.550068074581287 0.383207933304302 0.0667239921144118
"144" 0.524109114159557 0.379948631039285 0.0959422548011586
"145" 0.542104791475032 0.342256175262311 0.115639033262658
"146" 0.544489282440331 0.4107815044425 0.0447292131171687
"147" 0.571879177690237 0.425753216068396 0.00236760624136625
"148" 0.577343243295532 0.377958956184766 0.0446978005197017
"149" 0.549554677732451 0.355830500335156 0.0946148219323931
"150" 0.532629949133902 0.401265484004759 0.0661045668613392
"151" 0.563323542356276 0.38163848175963 0.055037975884094
"152" 0.557042524111354 0.349956308370639 0.093001167518007
"153" 0.545666145863874 0.38638184474787 0.0679520093882567
"154" 0.561700657635578 0.347628314222653 0.0906710281417691
"155" 0.5308780803554 0.376684835797557 0.0924370838470431
"156" 0.53092896236042 0.400876272714741 0.0681947649248387
"157" 0.548856126818458 0.377860138273548 0.0732837349079935
"158" 0.553023263321337 0.352734229770841 0.0942425069078212
"159" 0.542937419784948 0.352362550275246 0.104700029939807
"160" 0.552120324831103 0.373759084533021 0.0741205906358763
"161" 0.554114709336073 0.360237417155967 0.08564787350796
"162" 0.541956751706056 0.37958732420641 0.0784559240875348
"163" 0.556952308453347 0.345665896553992 0.0973817949926616
"164" 0.542392778644811 0.397695807712552 0.059911413642637
"165" 0.559503569897387 0.316358557095288 0.124137873007325
"166" 0.559856720079742 0.327465691765309 0.112677588154949
"167" 0.587069251844087 0.323264304963938 0.0896664431919755
"168" 0.565800540743654 0.346188187183321 0.0880112720730244
"169" 0.541047864363294 0.193669120957158 0.265283014679548
"170" 0.546766908808518 0.315262714232243 0.137970376959239
"171" 0.574841732704804 0.318122814659843 0.107035452635353
"172" 0.574187282421021 0.333490866082848 0.0923218514961309
"173" 0.553647369764734 0.343630714053955 0.102721916181311
"174" 0.545515422464466 0.180301087445552 0.274183490089982
"175" 0.579621377590463 0.29336808462561 0.127010537783927
"176" 0.555468484372384 0.317964433365281 0.126567082262336
"177" 0.559833490729159 0.333876461617184 0.106290047653656
"178" 0.563333473270331 0.327066762765904 0.109599763963765
"179" 0.540212086439485 0.19602417872413 0.263763734836385
"180" 0.657150789514272 0.337720483488382 0.00512872699734572
"181" 0.553066248313881 0.32114444066635 0.12578931101977
"182" 0.564452822550009 0.324197234339271 0.11134994311072
"183" 0.555736753003391 0.340364294366134 0.103898952630474
"184" 0.511596763059427 0.179353499988275 0.309049736952298
"185" 0.554664427287793 0.303705213023968 0.141630359688239
"186" 0.546863916049354 0.322874703129513 0.130261380821134
"187" 0.553486940051008 0.337212702027943 0.109300357921048
"188" 0.551964085207528 0.344862566271129 0.103173348521343
"189" 0.526246167478513 0.235688407206168 0.238065425315319
"190" 0.551868766982468 0.320330788301039 0.127800444716493
"191" 0.538640569507371 0.318802812661275 0.142556617831354
"192" 0.573467283110442 0.30059325236687 0.125939464522688
"193" 0.543660789095655 0.345251607557014 0.111087603347331
"194" 0.54666498821243 0.316898054217125 0.136436957570445
"195" 0.575692583792621 0.274302163018144 0.150005253189234
"196" 0.55286906764662 0.335038944137509 0.112091988215871
"197" 0.55963370280196 0.349501453537909 0.0908648436601306
"198" 0.541799848536055 0.308852856977423 0.149347294486522
"199" 0.566849767149492 0.313170607606151 0.119979625244357
"200" 0.581472297828988 0.34902675704728 0.0695009451237315
"201" 0.54606027681103 0.344469400167245 0.109470323021725
"202" 0.557792569694584 0.213427176616165 0.22878025368925
"203" 0.548028086895052 0.331833856712986 0.120138056391962
"204" 0.558240599240362 0.33272046426281 0.109038936496827
"205" 0.568764320606408 0.332287493241118 0.0989481861524743
"206" 0.556517975818871 0.341170975163597 0.102311049017532
"207" 0.543166662116574 0.306793135499322 0.150040202384104
"208" 0.581010288485696 0.298269733301869 0.120719978212435
"209" 0.550758171151395 0.297667379131128 0.151574449717477
"210" 0.581371301693791 0.295239737914333 0.123388960391876
"211" 0.591079565366633 0.28654243456121 0.122378000072158
"212" 0.57495511139156 0.304706421197375 0.120338467411066
"213" 0.576937771896385 0.293090970267892 0.129971257835723
"214" 0.565369331471208 0.193003211181902 0.24162745734689
"215" 0.571148814005651 0.204508046727127 0.224343139267222
"216" 0.585169928663304 0.189708572286299 0.225121499050397
"217" 0.590964392323972 0.16878703979964 0.240248567876389
"218" 0.57575028439309 0.207668505227582 0.216581210379328
"219" 0.581582850420462 0.187794503412487 0.230622646167051
"220" 0.594934052516082 0.188092911292404 0.216973036191514
"221" 0.540246230340915 0.208964731358536 0.250789038300549
"222" 0.55399111896725 0.206710937951137 0.239297943081613
"223" 0.586552842834752 0.187142544268874 0.226304612896373
"224" 0.620295372710968 0.180071607999648 0.199633019289384
"225" 0.627467497876674 0.170816098075054 0.201716404048271
"226" 0.621936016893144 0.170106483860824 0.207957499246032
"227" 0.567095317190546 0.187260431825469 0.245644250983985
"228" 0.580547932555277 0.188563025060292 0.230889042384431
"229" 0.552552164559298 0.191032280197604 0.256415555243098
"230" 0.58271907099963 0.195750810827509 0.22153011817286
"231" 0.570184388289724 0.209588320571205 0.220227291139072
"232" 0.569863027828557 0.208108077533641 0.222028894637802
"233" 0.586923065586261 0.192728274627206 0.220348659786533
"234" 0.574321071649807 0.196592124837771 0.229086803512422
"235" 0.57748950976211 0.185368245663404 0.237142244574486
"236" 0.58798437251018 0.200865771950528 0.211149855539292
"237" 0.585270924677099 0.183813732943754 0.230915342379147
"238" 0.569148969906544 0.206199728795377 0.224651301298079
"239" 0.582862638891425 0.189888549097363 0.227248812011212
"240" 0.573855790826845 0.202211912952962 0.223932296220194
"241" 0.583467319177028 0.190981593868567 0.225551086954405
"242" 0.587024897471955 0.184688254389474 0.228286848138571
"243" 0.559007186258793 0.189294282871713 0.251698530869494
"244" 0.56935877821974 0.171338338183062 0.259302883597198
"245" 0.575865853254587 0.192727483461171 0.231406663284242
"246" 0.543101479822139 0.173882023522636 0.283016496655225
"247" 0.554893880264426 0.315280730466935 0.129825389268638
"248" 0.570970326039315 0.298735711743204 0.130293962217481
"249" 0.618174100175004 0.179527059664636 0.202298840160361
"250" 0.590065104462312 0.195784014724648 0.21415088081304
"251" 0.608848587544997 0.171997871521809 0.219153540933194
"252" 0.56014715551035 0.201326258399494 0.238526586090156
"253" 0.561945972535464 0.210020271640104 0.228033755824432
"254" 0.600405058801489 0.182835180733825 0.216759760464686
"255" 0.583308152110244 0.188948891239607 0.227742956650149
"256" 0.622556484096527 0.171480276556573 0.2059632393469
"257" 0.583906163645336 0.175939189482099 0.240154646872565
"258" 0.586258519119244 0.176235939596587 0.237505541284169
"259" 0.539838074965903 0.196887861961067 0.26327406307303
"260" 0.54188611923734 0.21505099120751 0.24306288955515
"261" 0.572677502911473 0.193096264956919 0.234226232131607
"262" 0.577673419268377 0.212883666897239 0.209442913834384
"263" 0.547774539299423 0.201957640178874 0.250267820521703
"264" 0.578600636933556 0.190559094675296 0.230840268391148
"265" 0.581214614472186 0.18819760761651 0.230587777911304
"266" 0.566745541513403 0.193391631315092 0.239862827171505
"267" 0.573598411785382 0.205445279486365 0.220956308728254
"268" 0.590450018352572 0.1663839226271 0.243166059020328
"269" 0.565561297272929 0.210208444910606 0.224230257816464
"270" 0.611235446789992 0.176517398086623 0.212247155123385
"271" 0.620280813255781 0.165022145675409 0.214697041068809
"272" 0.58762576699366 0.167443069978059 0.24493116302828
"273" 0.572023167681014 0.187999150966929 0.239977681352057
"274" 0.538134198258201 0.327626271237676 0.134239530504124
"275" 0.553667655124081 0.293831147282439 0.15250119759348
"276" 0.577296426896169 0.332721649797622 0.089981923306209
"277" 0.536263687653743 0.370493044458925 0.0932432678873324
"278" 0.530321451893192 0.321432288488583 0.148246259618225
"279" 0.549662501440111 0.30342718770224 0.146910310857649
"280" 0.56050481117648 0.207020966785997 0.232474222037523
"281" 0.664575521655659 0.158891157715951 0.17653332062839
"282" 0.579483738417799 0.279557175600133 0.140959085982069
"283" 0.547742514899575 0.342936439839182 0.109321045261243
"284" 0.535109617574912 0.330630215755463 0.134260166669625
"285" 0.570953508875007 0.316649958107727 0.112396533017266
"286" 0.544403065367547 0.348388621297024 0.107208313335428
"287" 0.564172868107836 0.335095051999997 0.100732079892167
"288" 0.561086299294716 0.275682942499505 0.163230758205779
"289" 0.555482636457512 0.34286583302993 0.101651530512559
"290" 0.566352450818318 0.208000633945626 0.225646915236055
"291" 0.648357778282944 0.16043496855088 0.191207253166176
"292" 0.531558154799363 0.227713479396294 0.240728365804343
"293" 0.558472488191201 0.212979801794244 0.228547710014554
"294" 0.545632983025601 0.35147620983692 0.102890807137479
"295" 0.559979493374421 0.205866421459205 0.234154085166373
"296" 0.555796992480273 0.280527763004696 0.16367524451503
"297" 0.562529925569415 0.344527047025088 0.0929430274054975
"298" 0.623973886141461 0.180968548337865 0.195057565520674
"299" 0.544355032966557 0.217620110712237 0.238024856321207
"300" 0.564421266748042 0.295331740045956 0.140246993206002
"301" 0.565802007846798 0.201673464890757 0.232524527262444
"302" 0.536468890472198 0.295718908841053 0.167812200686749
"303" 0.60080466589369 0.185851115908392 0.213344218197918
"304" 0.640679039581392 0.168612356700796 0.190708603717812
"305" 0.539377901434211 0.361486650660778 0.0991354479050102
"306" 0.557834883512512 0.270418352170755 0.171746764316733
"307" 0.555535586018033 0.22106794359824 0.223396470383728
"308" 0.5749257466664 0.208722933993556 0.216351319340044
"309" 0.65344384478764 0.156231361223242 0.190324793989118
"310" 0.531833678938779 0.206216439216924 0.261949881844298
"311" 0.55332923053218 0.355762095185788 0.0909086742820323
"312" 0.608853040778136 0.169861947899063 0.221285011322801
"313" 0.645953091102385 0.153542259254514 0.200504649643101
"314" 0.674008231138777 0.140864051084116 0.185127717777107
"315" 0.575322901156448 0.203068808217693 0.221608290625859
"316" 0.565688777579888 0.217660108650973 0.21665111376914
"317" 0.539583104059274 0.208719660025622 0.251697235915104
"318" 0.534561168757956 0.221276122085878 0.244162709156166
"319" 0.611098559343745 0.177517937261191 0.211383503395065
"320" 0.660518945277909 0.156269094362475 0.183211960359617
"321" 0.536711373468748 0.225150762293416 0.238137864237836
"322" 0.569948443399943 0.206200830913854 0.223850725686203
"323" 0.611345347985849 0.178019464180355 0.210635187833796
"324" 0.55395306350666 0.208675722888151 0.237371213605188
"325" 0.639629092607105 0.165435556743383 0.194935350649512
"326" 0.642365522301268 0.149350049453018 0.208284428245714
"327" 0.555350182384702 0.187271761103774 0.257378056511524
"328" 0.538223067350721 0.215457487295628 0.246319445353651
"329" 0.637991148830648 0.154547968061328 0.207460883108024
"330" 0.544508205275699 0.214923382187192 0.240568412537109
"331" 0.661087690798256 0.143652133754913 0.19526017544683
"332" 0.686402501135929 0.159165129049778 0.154432369814293
"333" 0.459226825551435 0.302576921563766 0.2381962528848
"334" 0.646928277033365 2.8593543844767e-05 0.353043129422791
"335" 0.999982169212092 1.0140747956836e-05 7.69003995093589e-06
"336" 0.311789050116929 0.0107218914413849 0.677489058441686
"337" 0.997640601196212 7.81618554496845e-06 0.00235158261824296
"338" 0.999959097607936 1.29230638532738e-05 2.79793282105048e-05
"339" 0.999984369851263 7.68847271784934e-06 7.94167601941731e-06
"340" 0.513268968590229 0.00114478026461716 0.485586251145154
"341" 0.459829694213627 0.00184114670768697 0.538329159078686
"342" 0.274468080757387 0.00980371129063609 0.715728207951976
"343" 0.660667311909601 0.000616113488744574 0.338716574601655
"344" 0.176153133386427 0.00106077722187355 0.822786089391699
"345" 0.136357220472712 0.00291731411670874 0.860725465410579
"346" 0.342381369642067 7.93666594630306e-05 0.65753926369847
"347" 0.286424771013711 0.534856995526023 0.178718233460265
"348" 0.814707611512151 0.00040356148507844 0.184888827002771
"349" 0.585258162262879 0.414484868495935 0.000256969241186177
"350" 0.0288999559771276 0.000115873713350564 0.970984170309522
"351" 0.785838041356347 0.000734493419726849 0.213427465223926
"352" 0.967515725632307 6.648755053848e-05 0.0324177868171545
"353" 0.413827134737915 0.471055123080542 0.115117742181543
"354" 0.458691731180563 0.433276194937917 0.10803207388152
"355" 0.975045520263284 0.0223164237238233 0.00263805601289237
"356" 0.0874706316484845 0.609834305275965 0.302695063075551
"357" 0.0492250069570431 0.00206531540855101 0.948709677634406
"358" 0.0133143242176467 0.894510141476745 0.092175534305608
"359" 0.0771878567484031 0.906077739731951 0.0167344035196463
"360" 0.88861714127864 0.11136843081555 1.44279058100793e-05
"361" 0.478218644162017 0.299616440951589 0.222164914886395
"362" 0.57219919510476 0.343123261725218 0.0846775431700216
"363" 0.0853140766465474 0.606944396062643 0.307741527290809
"364" 0.613486572151475 0.238857966735256 0.14765546111327
"365" 0.785918613290399 0.213870081139813 0.000211305569788193
"366" 0.211352374987564 0.570827603857312 0.217820021155123
"367" 0.306507921856188 0.496564597295616 0.196927480848195
"368" 0.0220451456523987 0.588960449027698 0.388994405319903
"369" 0.117020094267843 0.677559101911114 0.205420803821043
"370" 0.929810772106501 0.0701175493977994 7.16784956999241e-05
"371" 0.213365850575663 0.000205193741042291 0.786428955683295
"372" 0.894215156288719 0.000206870592576902 0.105577973118704
"373" 0.9932069598807 1.04792062750959e-05 0.00678256091302447
"374" 0.021382735390011 0.978038495038637 0.000578769571351932
"375" 0.593856523585626 0.406049010734033 9.44656803412428e-05
"376" 0.489115130727813 0.510719697511732 0.000165171760455167
"377" 0.806059783000235 0.000950259256170045 0.192989957743595
"378" 0.138228748021231 0.00943936132277756 0.852331890655991
"379" 0.47122107889935 0.000274128907746592 0.528504792192904
"380" 0.115631949999503 0.0141571610572551 0.870210888943241
"381" 0.664336227835511 0.000297007531953666 0.335366764632536
"382" 0.2348400538095 0.000198724798461201 0.764961221392039
"383" 0.0695045355545664 0.00476897950680258 0.925726484938631
"384" 0.211478044249474 7.02601787553487e-05 0.788451695571771
"385" 0.41185288669597 0.588101840552344 4.52727516853497e-05
"386" 0.441119140435671 0.55873402186155 0.000146837702779557
"387" 0.796595716260043 0.203375409577695 2.88741622613607e-05
"388" 0.961542304522293 0.0384488616944719 8.83378323482717e-06
"389" 0.0336986547790245 0.965863668893146 0.000437676327829776
"390" 0.514322023399262 0.485382997344623 0.000294979256115381
"391" 0.941633758241895 0.0583530774294286 1.31643286764812e-05
"392" 0.973631307147406 0.000246381208578458 0.0261223116440157
"393" 0.87584658919031 0.000964670254125221 0.123188740555565
"394" 0.59164168057042 1.13810529964424e-05 0.408346938376584
"395" 0.999881683362794 3.18536077549093e-05 8.64630294505329e-05
"396" 0.765239932183068 0.23189746366273 0.00286260415420165
"397" 0.999171013646794 0.000630074589256236 0.000198911763949784
"398" 0.919724863969892 0.0770802515169192 0.00319488451318837
"399" 0.999986776232801 6.79239021878435e-06 6.4313769800462e-06
"400" 0.99988219888031 9.35118159582537e-05 2.42893037319324e-05
"401" 0.423463303656384 0.000526713399076696 0.576009982944539
"402" 0.578324973223119 0.387210494460491 0.0344645323163901
"403" 0.458849585917507 0.0251786951248517 0.515971718957641
