0.015176 0.238741 0.032038 0.106911 0.206565 0.000010 0.400558
0.000010 0.170922 0.144016 0.086318 0.262181 0.075526 0.261027
0.045294 0.000010 0.087189 0.063654 0.385128 0.069561 0.349164
0.000010 0.505985 0.000010 0.047095 0.000010 0.000010 0.446880
0.072083 0.000010 0.055249 0.058583 0.415411 0.000010 0.398653
0.028873 0.252906 0.245366 0.000010 0.000010 0.011022 0.461814
0.000010 0.532539 0.068148 0.135212 0.000010 0.000010 0.264070
0.030672 0.000010 0.000010 0.092296 0.286516 0.116098 0.474398
0.036479 0.180760 0.000010 0.042829 0.053091 0.013447 0.673383
0.065512 0.394510 0.083261 0.056130 0.000010 0.002464 0.398113
0.000010 0.311793 0.000010 0.154270 0.000010 0.122896 0.411010
0.108077 0.356218 0.133975 0.013951 0.121957 0.006082 0.259740
0.000010 0.378634 0.146922 0.089282 0.000010 0.037073 0.348069
0.000010 0.373668 0.045106 0.068443 0.061012 0.000010 0.451750
0.006183 0.336109 0.109231 0.160219 0.000010 0.047446 0.340803
0.052849 0.000010 0.228815 0.020217 0.000010 0.058524 0.639575
0.061920 0.000010 0.130735 0.015991 0.322191 0.001297 0.467856
0.363613 0.207643 0.000010 0.000010 0.000010 0.112266 0.316448
0.081699 0.000010 0.000010 0.067381 0.209917 0.000010 0.640973
0.000010 0.453774 0.000019 0.181270 0.000010 0.011991 0.352926
0.001827 0.218362 0.000010 0.082496 0.147127 0.000010 0.550168
0.000010 0.863318 0.000010 0.136632 0.000010 0.000010 0.000010
0.076220 0.131604 0.196569 0.051078 0.210639 0.000010 0.333881
0.016243 0.503811 0.044457 0.153058 0.000010 0.000010 0.282412
0.058153 0.000010 0.041704 0.000010 0.401919 0.082488 0.415716
0.000010 0.000010 0.000010 0.000010 0.192019 0.807931 0.000010
0.076122 0.000010 0.198359 0.000010 0.000010 0.725479 0.000010
0.000010 0.000010 0.000010 0.000010 0.000010 0.999940 0.000010
0.000010 0.000010 0.000010 0.000010 0.000010 0.999940 0.000010
0.000010 0.000010 0.000010 0.000010 0.000010 0.999940 0.000010
0.000010 0.000010 0.000010 0.000010 0.000010 0.999940 0.000010
0.000010 0.000010 0.000010 0.000010 0.000010 0.999940 0.000010
0.000010 0.000010 0.000010 0.000010 0.000010 0.999940 0.000010
0.000010 0.000010 0.000010 0.000010 0.000010 0.999940 0.000010
0.000010 0.000010 0.000010 0.000010 0.111666 0.027365 0.860930
0.000010 0.000010 0.000010 0.000010 0.000010 0.000010 0.999940
0.000010 0.000010 0.000010 0.000010 0.000010 0.000010 0.999940
0.000010 0.000010 0.000010 0.000010 0.228426 0.000010 0.771524
0.000010 0.000010 0.000010 0.042306 0.201093 0.000010 0.756561
0.000010 0.000010 0.000010 0.000143 0.172638 0.000010 0.827179
0.000010 0.000010 0.000010 0.000010 0.154155 0.000010 0.845795
0.000010 0.000010 0.000010 0.000010 0.000010 0.011169 0.988781
0.000010 0.000010 0.000010 0.000010 0.000010 0.000010 0.999940
0.000010 0.000010 0.000010 0.000010 0.000010 0.000010 0.999940
0.000010 0.000010 0.000010 0.000010 0.000010 0.000010 0.999940
0.001745 0.000010 0.000010 0.000010 0.000010 0.000010 0.998205
0.000010 0.000010 0.000010 0.000010 0.000010 0.000010 0.999940
0.000010 0.000010 0.000010 0.000010 0.163934 0.836016 0.000010
0.000010 0.000010 0.000010 0.000010 0.000010 0.999940 0.000010
0.000010 0.000010 0.000010 0.000010 0.000010 0.999940 0.000010
0.000010 0.000010 0.000010 0.000010 0.000010 0.999940 0.000010
0.000010 0.000010 0.000010 0.000010 0.000010 0.999940 0.000010
0.000010 0.000010 0.000010 0.000010 0.000010 0.999940 0.000010
0.000010 0.000010 0.000010 0.000010 0.000010 0.999940 0.000010
0.000010 0.000010 0.000010 0.000010 0.000010 0.999940 0.000010
0.000010 0.000010 0.000010 0.000010 0.000010 0.999940 0.000010
0.000010 0.000014 0.000010 0.000010 0.174193 0.825754 0.000010
0.000010 0.000010 0.000010 0.000010 0.000010 0.999940 0.000010
0.000010 0.000010 0.000010 0.000010 0.000010 0.999940 0.000010
0.000010 0.000010 0.000010 0.000010 0.000010 0.999940 0.000010
0.000010 0.000010 0.000010 0.000010 0.000010 0.999940 0.000010
0.000010 0.000010 0.000010 0.000010 0.000010 0.999940 0.000010
0.000253 0.000010 0.102609 0.000010 0.000010 0.897098 0.000010
0.000010 0.000010 0.000010 0.000010 0.128863 0.871087 0.000010
0.000010 0.000010 0.000010 0.000010 0.000010 0.999940 0.000010
0.000010 0.000010 0.280529 0.000010 0.302324 0.133608 0.283510
0.043444 0.391007 0.367737 0.000010 0.000010 0.093058 0.104733
0.000010 0.000010 0.623414 0.000010 0.000010 0.142374 0.234172
0.057076 0.050860 0.500384 0.000010 0.000010 0.146615 0.245044
0.020136 0.000010 0.564845 0.000010 0.380109 0.026993 0.007898
0.000010 0.427937 0.408345 0.000010 0.000010 0.121284 0.042404
0.013507 0.230913 0.495147 0.000010 0.000010 0.037010 0.223403
0.034283 0.296517 0.612412 0.000010 0.000010 0.000010 0.056758
0.098087 0.000010 0.901863 0.000010 0.000010 0.000010 0.000010
0.000010 0.214784 0.590983 0.000010 0.054405 0.000010 0.139799
0.000010 0.000010 0.449626 0.000010 0.300139 0.133982 0.116222
0.000010 0.000010 0.547280 0.000010 0.404841 0.047839 0.000010
0.000010 0.284447 0.617705 0.000010 0.096999 0.000010 0.000819
0.015127 0.000010 0.576654 0.000010 0.392328 0.015861 0.000010
0.040615 0.208394 0.612449 0.000010 0.000010 0.082927 0.055594
0.000010 0.000010 0.000010 0.000010 0.999940 0.000010 0.000010
0.036274 0.000010 0.463424 0.000010 0.162173 0.122611 0.215498
0.032735 0.000010 0.397840 0.000010 0.314481 0.125175 0.129748
0.085599 0.000010 0.491942 0.000010 0.061131 0.181474 0.179834
0.000010 0.331582 0.284749 0.000010 0.000010 0.172133 0.211506
0.999940 0.000010 0.000010 0.000010 0.000010 0.000010 0.000010
0.999940 0.000010 0.000010 0.000010 0.000010 0.000010 0.000010
0.999940 0.000010 0.000010 0.000010 0.000010 0.000010 0.000010
0.999940 0.000010 0.000010 0.000010 0.000010 0.000010 0.000010
0.999940 0.000010 0.000010 0.000010 0.000010 0.000010 0.000010
0.999940 0.000010 0.000010 0.000010 0.000010 0.000010 0.000010
0.999940 0.000010 0.000010 0.000010 0.000010 0.000010 0.000010
0.999940 0.000010 0.000010 0.000010 0.000010 0.000010 0.000010
0.983711 0.000010 0.000010 0.000010 0.000010 0.000010 0.016239
0.999940 0.000010 0.000010 0.000010 0.000010 0.000010 0.000010
0.999940 0.000010 0.000010 0.000010 0.000010 0.000010 0.000010
0.999940 0.000010 0.000010 0.000010 0.000010 0.000010 0.000010
0.999940 0.000010 0.000010 0.000010 0.000010 0.000010 0.000010
0.999940 0.000010 0.000010 0.000010 0.000010 0.000010 0.000010
0.999940 0.000010 0.000010 0.000010 0.000010 0.000010 0.000010
0.999940 0.000010 0.000010 0.000010 0.000010 0.000010 0.000010
0.999940 0.000010 0.000010 0.000010 0.000010 0.000010 0.000010
0.999940 0.000010 0.000010 0.000010 0.000010 0.000010 0.000010
0.999939 0.000010 0.000011 0.000010 0.000010 0.000010 0.000010
0.999940 0.000010 0.000010 0.000010 0.000010 0.000010 0.000010
0.021640 0.000010 0.456448 0.267782 0.000010 0.129704 0.124407
0.000010 0.000010 0.483413 0.290767 0.151666 0.000010 0.074123
0.000010 0.000010 0.255190 0.360267 0.203536 0.018614 0.162373
0.000010 0.000010 0.000010 0.999940 0.000010 0.000010 0.000010
0.000010 0.000010 0.675645 0.235684 0.000010 0.000010 0.088631
0.000010 0.000010 0.716922 0.283028 0.000010 0.000010 0.000010
0.046946 0.000010 0.312309 0.387699 0.097784 0.000010 0.155242
0.000010 0.000010 0.000010 0.999940 0.000010 0.000010 0.000010
0.000010 0.000010 0.849925 0.150025 0.000010 0.000010 0.000010
0.020513 0.000010 0.300989 0.441638 0.000010 0.004387 0.232452
0.000010 0.000010 0.258260 0.375934 0.249506 0.000010 0.116271
0.000010 0.000010 0.000010 0.999940 0.000010 0.000010 0.000010
0.002801 0.165517 0.588471 0.226830 0.000010 0.000010 0.016360
0.000010 0.000010 0.375452 0.242913 0.000010 0.000010 0.381594
0.000010 0.000010 0.214029 0.444360 0.095057 0.031134 0.215400
0.000010 0.000010 0.000010 0.999940 0.000010 0.000010 0.000010
0.000010 0.000015 0.669008 0.253552 0.000010 0.077394 0.000010
0.000010 0.109356 0.268250 0.439222 0.000010 0.000010 0.183143
0.000010 0.000010 0.000010 0.999940 0.000010 0.000010 0.000010
0.000010 0.000010 0.000010 0.999940 0.000010 0.000010 0.000010
0.017781 0.000010 0.584967 0.369122 0.000010 0.028049 0.000061
0.000010 0.078394 0.216542 0.422567 0.067731 0.000010 0.214747
0.001099 0.000010 0.000010 0.998851 0.000010 0.000010 0.000010
0.000010 0.000010 0.000010 0.999940 0.000010 0.000010 0.000010
0.000010 0.000010 0.791692 0.190243 0.000010 0.000010 0.018026
0.004327 0.000010 0.290990 0.444893 0.000010 0.000010 0.259760
0.000010 0.000010 0.000010 0.999940 0.000010 0.000010 0.000010
0.000010 0.132090 0.577132 0.290738 0.000010 0.000010 0.000010
0.018824 0.000010 0.472346 0.283283 0.000010 0.000010 0.225517
0.013929 0.000010 0.000010 0.986021 0.000010 0.000010 0.000010
0.000010 0.000010 0.073361 0.846382 0.000010 0.000010 0.080217
0.000010 0.000010 0.169438 0.830512 0.000010 0.000010 0.000010
0.000010 0.000010 0.000010 0.534184 0.465766 0.000010 0.000010
0.000010 0.000010 0.000010 0.874460 0.000010 0.000010 0.125490
0.000010 0.000010 0.000010 0.876791 0.123159 0.000010 0.000010
0.038503 0.087051 0.182976 0.691439 0.000010 0.000010 0.000010
0.000010 0.000010 0.000010 0.978702 0.000010 0.000010 0.021248
0.000010 0.000010 0.000010 0.802397 0.000010 0.000010 0.197553
0.000010 0.000010 0.145634 0.854316 0.000010 0.000010 0.000010
0.000010 0.000010 0.226614 0.604286 0.000010 0.000010 0.169061
0.000010 0.000010 0.000010 0.886642 0.000010 0.000010 0.113308
0.000010 0.000010 0.000010 0.999940 0.000010 0.000010 0.000010
0.036582 0.000010 0.103490 0.859887 0.000010 0.000010 0.000010
0.000010 0.000010 0.172770 0.647060 0.000010 0.000010 0.180130
0.026220 0.000010 0.008668 0.848775 0.000010 0.000010 0.116308
0.000010 0.000010 0.000010 0.981623 0.000010 0.018327 0.000010
0.000010 0.000010 0.215820 0.773345 0.000010 0.000010 0.010795
0.000010 0.000010 0.000010 0.917206 0.000010 0.000010 0.082744
0.054516 0.000010 0.139663 0.805782 0.000010 0.000010 0.000010
0.000010 0.000010 0.000010 0.876542 0.097139 0.026279 0.000010
0.000010 0.000010 0.000010 0.836929 0.000010 0.000010 0.163021
0.015883 0.000010 0.000010 0.968061 0.000010 0.016015 0.000010
0.000010 0.000010 0.000010 0.746412 0.253538 0.000010 0.000010
0.000010 0.000010 0.026071 0.646079 0.087153 0.056263 0.184414
0.024808 0.000010 0.000010 0.975142 0.000010 0.000010 0.000010
0.000010 0.000010 0.000010 0.930602 0.000010 0.069348 0.000010
0.000010 0.000010 0.136701 0.836076 0.000010 0.000010 0.027183
0.000010 0.000010 0.156987 0.697409 0.000010 0.051321 0.094253
0.000010 0.000010 0.000010 0.999940 0.000010 0.000010 0.000010
0.035192 0.000012 0.116305 0.449470 0.000010 0.112616 0.286395
0.014071 0.000010 0.269955 0.369429 0.000010 0.000010 0.346515
0.000010 0.000010 0.223731 0.600216 0.000010 0.084013 0.092010
0.000010 0.000010 0.000010 0.000010 0.000010 0.000010 0.999940
0.000010 0.000010 0.976230 0.023720 0.000010 0.000010 0.000010
0.000010 0.000010 0.303864 0.389441 0.062857 0.006398 0.237421
0.000010 0.186262 0.054550 0.499121 0.000010 0.050071 0.209976
0.000010 0.000010 0.000010 0.000010 0.000010 0.000010 0.999940
0.000010 0.000010 0.000010 0.000010 0.000010 0.000010 0.999940
0.000010 0.000010 0.999940 0.000010 0.000010 0.000010 0.000010
0.027224 0.000010 0.361375 0.396488 0.079484 0.000010 0.135409
0.063844 0.000010 0.280962 0.555840 0.018266 0.000010 0.081067
0.000010 0.000010 0.000010 0.052211 0.153049 0.000010 0.794699
0.000010 0.000010 0.000010 0.000010 0.000010 0.012364 0.987586
0.000010 0.000010 0.999940 0.000010 0.000010 0.000010 0.000010
0.031818 0.000010 0.270895 0.518522 0.000010 0.025322 0.153423
0.029574 0.000010 0.196570 0.476156 0.000010 0.030198 0.267483
0.000010 0.000010 0.000010 0.000010 0.000010 0.021429 0.978521
0.000010 0.000010 0.000010 0.139260 0.152477 0.000010 0.708222
0.000010 0.000010 0.999940 0.000010 0.000010 0.000010 0.000010
0.077078 0.000010 0.250713 0.217608 0.000010 0.042775 0.411807
0.033975 0.000010 0.192326 0.430285 0.000010 0.049573 0.293821
0.000010 0.000010 0.000010 0.000010 0.000010 0.000010 0.999940
0.000010 0.000010 0.000010 0.000010 0.000010 0.000010 0.999940
0.000010 0.000010 0.889645 0.110305 0.000010 0.000010 0.000010
0.000010 0.026070 0.280388 0.416233 0.000010 0.024090 0.253199
0.000010 0.160957 0.286631 0.454905 0.000010 0.000010 0.097477
0.000010 0.067116 0.174794 0.456275 0.000010 0.058061 0.243734
0.000010 0.000010 0.000010 0.000010 0.000010 0.000010 0.999940
0.000010 0.000010 0.103562 0.596784 0.129759 0.055505 0.114370
0.053811 0.000010 0.372054 0.538816 0.000010 0.035289 0.000010
0.059283 0.000010 0.195181 0.425864 0.000010 0.000010 0.319642
0.000010 0.000010 0.000010 0.000010 0.000010 0.000010 0.999940
0.022660 0.000010 0.376605 0.333684 0.000010 0.000010 0.267020
0.038924 0.000010 0.183697 0.435063 0.000010 0.032778 0.309519
0.002822 0.000010 0.182538 0.577721 0.000010 0.000010 0.236889
0.000010 0.000010 0.000010 0.000010 0.000010 0.000010 0.999940
0.000010 0.000010 0.851526 0.000010 0.148424 0.000010 0.000010
0.047759 0.000010 0.115606 0.000010 0.000010 0.000010 0.836594
0.000010 0.251947 0.000010 0.041510 0.000010 0.000010 0.706503
0.087051 0.102123 0.000010 0.098630 0.000010 0.000010 0.712166
0.000010 0.000010 0.000010 0.000010 0.106892 0.000010 0.893058
0.000010 0.000010 0.123527 0.000010 0.140260 0.000010 0.736173
0.025621 0.000010 0.049486 0.042634 0.000010 0.056558 0.825682
0.054447 0.000010 0.096287 0.085467 0.238327 0.000010 0.525453
0.003777 0.000010 0.000010 0.000010 0.137402 0.039840 0.818951
0.045417 0.185656 0.000010 0.184203 0.003549 0.066738 0.514426
0.036454 0.000010 0.000010 0.017341 0.164010 0.026643 0.755533
0.000010 0.289025 0.000010 0.000010 0.000010 0.000010 0.710925
0.000010 0.993502 0.000010 0.000010 0.000010 0.006448 0.000010
0.000010 0.999940 0.000010 0.000010 0.000010 0.000010 0.000010
0.178705 0.227020 0.131103 0.000010 0.262206 0.071024 0.129934
0.000010 0.999940 0.000010 0.000010 0.000010 0.000010 0.000010
0.000010 0.999940 0.000010 0.000010 0.000010 0.000010 0.000010
0.000010 0.000010 0.000010 0.000010 0.999940 0.000010 0.000010
0.000010 0.999940 0.000010 0.000010 0.000010 0.000010 0.000010
0.000010 0.989632 0.000010 0.010318 0.000010 0.000010 0.000010
0.229419 0.498875 0.000010 0.000010 0.126754 0.034279 0.110654
0.272144 0.227052 0.173109 0.000010 0.000010 0.101447 0.226227
0.520465 0.135562 0.000010 0.120155 0.086298 0.103133 0.034377
0.466065 0.409314 0.000010 0.000010 0.124581 0.000010 0.000010
0.529171 0.216609 0.000010 0.000010 0.133005 0.013876 0.107319
0.000010 0.999940 0.000010 0.000010 0.000010 0.000010 0.000010
0.000010 0.999940 0.000010 0.000010 0.000010 0.000010 0.000010
0.004240 0.427367 0.000010 0.000010 0.379378 0.075499 0.113495
0.000010 0.000010 0.000010 0.000010 0.999940 0.000010 0.000010
0.050310 0.646931 0.000010 0.025976 0.231686 0.000010 0.045077
0.035399 0.680748 0.190003 0.000010 0.000010 0.000010 0.093819
0.212155 0.129587 0.049484 0.001775 0.385935 0.143986 0.077078
0.201722 0.000010 0.153796 0.000010 0.341552 0.069706 0.233204
0.146269 0.000010 0.289156 0.000010 0.363595 0.080438 0.120522
0.122282 0.703749 0.000010 0.015394 0.000010 0.066962 0.091592
0.000010 0.000010 0.000010 0.000010 0.999940 0.000010 0.000010
0.106991 0.000010 0.116309 0.000010 0.489339 0.066158 0.221183
0.000010 0.000010 0.000010 0.000010 0.999940 0.000010 0.000010
0.000010 0.999940 0.000010 0.000010 0.000010 0.000010 0.000010
0.238741 0.167181 0.200692 0.030703 0.304435 0.058238 0.000010
0.000010 0.999940 0.000010 0.000010 0.000010 0.000010 0.000010
0.000010 0.999940 0.000010 0.000010 0.000010 0.000010 0.000010
0.097635 0.755494 0.000010 0.000010 0.000010 0.095123 0.051718
0.044648 0.594451 0.139538 0.000010 0.000010 0.073332 0.148011
0.000010 0.584387 0.331827 0.000010 0.000010 0.083746 0.000010
0.000010 0.000010 0.001773 0.054174 0.141235 0.096465 0.706332
0.077046 0.160229 0.000010 0.055893 0.001254 0.000010 0.705559
0.005884 0.994066 0.000010 0.000010 0.000010 0.000010 0.000010
0.000010 0.999940 0.000010 0.000010 0.000010 0.000010 0.000010
0.381178 0.617392 0.000010 0.001390 0.000010 0.000010 0.000010
0.169580 0.448001 0.048776 0.017241 0.080477 0.088975 0.146951
0.305416 0.170459 0.220775 0.044411 0.127789 0.048854 0.082297
0.602893 0.000010 0.000010 0.026504 0.274662 0.070838 0.025084
0.091469 0.595360 0.000010 0.000010 0.000010 0.133669 0.179471
0.651232 0.348718 0.000010 0.000010 0.000010 0.000010 0.000010
0.331638 0.482283 0.000010 0.000010 0.186039 0.000010 0.000010
0.306611 0.000010 0.232790 0.000010 0.374903 0.000010 0.085666
0.000010 0.999940 0.000010 0.000010 0.000010 0.000010 0.000010
0.000010 0.541588 0.051030 0.000010 0.154433 0.093802 0.159128
0.000602 0.576313 0.193192 0.000010 0.015971 0.074250 0.139662
0.000010 0.000010 0.000010 0.000010 0.999940 0.000010 0.000010
0.000010 0.999940 0.000010 0.000010 0.000010 0.000010 0.000010
0.000010 0.999940 0.000010 0.000010 0.000010 0.000010 0.000010
0.000010 0.999940 0.000010 0.000010 0.000010 0.000010 0.000010
0.141155 0.539962 0.051959 0.000010 0.000010 0.117226 0.149678
0.071287 0.588422 0.000010 0.014321 0.160729 0.020019 0.145210
0.167999 0.551085 0.000010 0.000010 0.000010 0.109488 0.171398
0.000010 0.953282 0.000010 0.000010 0.000010 0.000010 0.046668
0.000010 0.000010 0.000010 0.000010 0.999940 0.000010 0.000010
0.329810 0.670140 0.000010 0.000010 0.000010 0.000010 0.000010
0.111763 0.758877 0.129320 0.000010 0.000010 0.000010 0.000010
0.000010 0.000010 0.000010 0.000010 0.999940 0.000010 0.000010
0.000010 0.000010 0.000010 0.074263 0.000010 0.082615 0.843083
0.000010 0.000010 0.346933 0.407476 0.000010 0.064111 0.181451
0.000010 0.000010 0.000010 0.000010 0.000010 0.000010 0.999940
0.000010 0.000010 0.000010 0.079176 0.000010 0.000010 0.920774
0.000010 0.000010 0.330939 0.427522 0.109582 0.000010 0.131927
0.000010 0.000010 0.467535 0.351721 0.000010 0.000010 0.180704
0.014952 0.000010 0.945144 0.039864 0.000010 0.000010 0.000010
0.999940 0.000010 0.000010 0.000010 0.000010 0.000010 0.000010
0.057794 0.000010 0.330232 0.416674 0.000010 0.063764 0.131516
0.000010 0.000010 0.000010 0.000010 0.000010 0.000010 0.999940
0.000010 0.000010 0.409794 0.341232 0.000010 0.000010 0.248934
0.000010 0.190895 0.000010 0.081718 0.000010 0.000010 0.727347
0.000010 0.000010 0.026201 0.000010 0.000010 0.000010 0.973749
0.027069 0.000010 0.000010 0.000010 0.000010 0.000010 0.972881
0.000010 0.000010 0.515773 0.374097 0.000010 0.031231 0.078868
0.010861 0.000010 0.049240 0.119245 0.000010 0.000010 0.820624
0.007553 0.000010 0.928064 0.064344 0.000010 0.000010 0.000010
0.999940 0.000010 0.000010 0.000010 0.000010 0.000010 0.000010
0.000010 0.000010 0.686334 0.196813 0.000010 0.088285 0.028537
0.000010 0.000010 0.736089 0.064743 0.199128 0.000010 0.000010
0.000010 0.000010 0.000010 0.019595 0.000010 0.000010 0.980355
0.000010 0.000010 0.991242 0.008708 0.000010 0.000010 0.000010
0.000010 0.201368 0.324625 0.427252 0.000010 0.000010 0.046725
0.000010 0.000010 0.000010 0.062483 0.000010 0.000010 0.937467
0.437336 0.000010 0.000010 0.042630 0.519857 0.000148 0.000010
0.000010 0.000010 0.935887 0.064063 0.000010 0.000010 0.000010
0.000010 0.000010 0.410604 0.259130 0.000010 0.000010 0.330226
0.000010 0.000010 0.792863 0.000010 0.207087 0.000010 0.000010
0.000010 0.000010 0.373790 0.407349 0.000010 0.052234 0.166597
0.512172 0.188572 0.000010 0.110425 0.053176 0.089498 0.046147
0.594791 0.405159 0.000010 0.000010 0.000010 0.000010 0.000010
0.000010 0.000010 0.000010 0.000010 0.000010 0.000010 0.999940
0.000010 0.000010 0.417710 0.216014 0.113536 0.000010 0.252710
0.000010 0.000010 0.864354 0.078292 0.000010 0.000010 0.057314
0.035021 0.000010 0.753650 0.045234 0.000010 0.056444 0.109632
0.999940 0.000010 0.000010 0.000010 0.000010 0.000010 0.000010
0.000010 0.000010 0.999940 0.000010 0.000010 0.000010 0.000010
0.000010 0.000010 0.000010 0.000010 0.000010 0.000010 0.999940
0.584913 0.000010 0.000010 0.000010 0.256010 0.059439 0.099608
0.970386 0.000010 0.000010 0.000010 0.000010 0.000010 0.029564
0.927089 0.000010 0.000010 0.005533 0.000010 0.067338 0.000010
0.000010 0.000010 0.812181 0.035483 0.152296 0.000010 0.000010
0.000010 0.000010 0.927353 0.072597 0.000010 0.000010 0.000010
0.024054 0.000010 0.857545 0.113357 0.000010 0.005015 0.000010
0.039765 0.000010 0.810772 0.000010 0.000010 0.000010 0.149423
0.531592 0.000010 0.032920 0.000010 0.251294 0.040634 0.143540
0.999940 0.000010 0.000010 0.000010 0.000010 0.000010 0.000010
0.000010 0.000010 0.963809 0.000010 0.000010 0.000010 0.036141
0.000010 0.000010 0.999940 0.000010 0.000010 0.000010 0.000010
0.410744 0.000010 0.000010 0.000010 0.589206 0.000010 0.000010
0.000010 0.000010 0.822752 0.024431 0.152778 0.000010 0.000010
0.693358 0.000010 0.000010 0.000010 0.306592 0.000010 0.000010
0.999940 0.000010 0.000010 0.000010 0.000010 0.000010 0.000010
0.000010 0.000010 0.862936 0.051989 0.000010 0.085034 0.000010
0.000010 0.000010 0.905203 0.087840 0.000010 0.006917 0.000010
0.999940 0.000010 0.000010 0.000010 0.000010 0.000010 0.000010
0.000010 0.184004 0.626486 0.114772 0.074707 0.000010 0.000010
0.999940 0.000010 0.000010 0.000010 0.000010 0.000010 0.000010
