0.110668 0.569226 0.083787 0.044867 0.191452
0.040629 0.459533 0.067660 0.142237 0.289942
0.117949 0.470007 0.055895 0.107552 0.248597
0.124117 0.631331 0.011452 0.000010 0.233090
0.146052 0.536734 0.048967 0.038242 0.230006
0.080735 0.555276 0.000010 0.036224 0.327755
0.104477 0.429514 0.132057 0.058663 0.275288
0.078867 0.585594 0.085080 0.150452 0.100007
0.079877 0.809763 0.012872 0.044270 0.053218
0.143937 0.556579 0.031478 0.040748 0.227258
0.057660 0.532971 0.147205 0.167857 0.094307
0.217878 0.429834 0.000010 0.066247 0.286031
0.056818 0.475921 0.096705 0.097099 0.273457
0.081136 0.612478 0.048548 0.037261 0.220577
0.063049 0.463867 0.161239 0.100851 0.210994
0.031577 0.643112 0.063231 0.054451 0.207629
0.107510 0.603788 0.010266 0.030493 0.247942
0.407169 0.407282 0.000010 0.148941 0.036598
0.120352 0.713053 0.074340 0.000010 0.092245
0.000138 0.638882 0.146062 0.127448 0.087470
0.089202 0.684846 0.060826 0.012080 0.153045
0.105051 0.459979 0.013591 0.054485 0.366894
0.140740 0.486170 0.038029 0.024926 0.310135
0.128336 0.478087 0.109154 0.038008 0.246415
0.128186 0.568417 0.000010 0.116572 0.186815
0.026713 0.000010 0.000010 0.847262 0.126005
0.066691 0.014067 0.000010 0.738767 0.180465
0.000010 0.000010 0.000010 0.999960 0.000010
0.000010 0.000010 0.000010 0.999960 0.000010
0.000010 0.000010 0.000010 0.999960 0.000010
0.000010 0.000010 0.000010 0.999960 0.000010
0.000010 0.000010 0.000010 0.999960 0.000010
0.000010 0.000010 0.000010 0.999960 0.000010
0.000010 0.000010 0.000010 0.999960 0.000010
0.000010 0.950496 0.000010 0.049474 0.000010
0.000010 0.999960 0.000010 0.000010 0.000010
0.000010 0.999960 0.000010 0.000010 0.000010
0.065521 0.860210 0.000010 0.000010 0.074249
0.039694 0.931995 0.028290 0.000010 0.000010
0.017909 0.975324 0.000010 0.006747 0.000010
0.000010 0.999960 0.000010 0.000010 0.000010
0.000010 0.999960 0.000010 0.000010 0.000010
0.000010 0.999960 0.000010 0.000010 0.000010
0.000010 0.999960 0.000010 0.000010 0.000010
0.000010 0.999960 0.000010 0.000010 0.000010
0.000010 0.999960 0.000010 0.000010 0.000010
0.000010 0.999960 0.000010 0.000010 0.000010
0.044146 0.000010 0.000010 0.955824 0.000010
0.000010 0.000010 0.000010 0.999960 0.000010
0.000010 0.000010 0.000010 0.999960 0.000010
0.000010 0.000010 0.000010 0.999960 0.000010
0.000010 0.000010 0.000010 0.999960 0.000010
0.000010 0.000010 0.000010 0.999960 0.000010
0.000010 0.000010 0.000010 0.999960 0.000010
0.000010 0.000010 0.000010 0.999960 0.000010
0.000010 0.000010 0.000010 0.999960 0.000010
0.025311 0.000010 0.000010 0.974659 0.000010
0.000010 0.000010 0.000010 0.999960 0.000010
0.000010 0.000010 0.000010 0.999960 0.000010
0.000010 0.000010 0.000010 0.999960 0.000010
0.000010 0.000010 0.000010 0.999960 0.000010
0.000010 0.000010 0.000010 0.999960 0.000010
0.000010 0.000010 0.000010 0.919956 0.080014
0.000010 0.007054 0.000010 0.992916 0.000010
0.000010 0.000010 0.000010 0.999960 0.000010
0.006090 0.408266 0.000010 0.173049 0.412586
0.112325 0.250032 0.000010 0.142953 0.494680
0.000010 0.271953 0.000010 0.128281 0.599746
0.048007 0.278127 0.018147 0.145844 0.509874
0.089217 0.162045 0.000010 0.072155 0.676573
0.055551 0.209011 0.000010 0.171232 0.564195
0.048145 0.322513 0.000010 0.050578 0.578755
0.102668 0.176898 0.000010 0.000010 0.720415
0.082817 0.061275 0.000010 0.000010 0.855888
0.025441 0.258752 0.000010 0.016696 0.699101
0.055157 0.215258 0.000010 0.150932 0.578643
0.041017 0.156683 0.000010 0.100780 0.701510
0.079842 0.141891 0.000010 0.031331 0.746926
0.081652 0.169924 0.000010 0.057431 0.690983
0.075520 0.153528 0.006200 0.096084 0.668667
0.018277 0.313290 0.000010 0.136667 0.531756
0.056451 0.290969 0.000010 0.122077 0.530493
0.082456 0.259639 0.001710 0.151662 0.504533
0.084775 0.230562 0.000010 0.181400 0.503253
0.061552 0.331828 0.000010 0.228702 0.377908
0.999960 0.000010 0.000010 0.000010 0.000010
0.999960 0.000010 0.000010 0.000010 0.000010
0.999960 0.000010 0.000010 0.000010 0.000010
0.999960 0.000010 0.000010 0.000010 0.000010
0.999960 0.000010 0.000010 0.000010 0.000010
0.999960 0.000010 0.000010 0.000010 0.000010
0.999960 0.000010 0.000010 0.000010 0.000010
0.999960 0.000010 0.000010 0.000010 0.000010
0.977938 0.000010 0.022032 0.000010 0.000010
0.999960 0.000010 0.000010 0.000010 0.000010
0.971975 0.000010 0.027995 0.000010 0.000010
0.999960 0.000010 0.000010 0.000010 0.000010
0.986596 0.000010 0.013374 0.000010 0.000010
0.999960 0.000010 0.000010 0.000010 0.000010
0.999960 0.000010 0.000010 0.000010 0.000010
0.999960 0.000010 0.000010 0.000010 0.000010
0.999960 0.000010 0.000010 0.000010 0.000010
0.999960 0.000010 0.000010 0.000010 0.000010
0.999960 0.000010 0.000010 0.000010 0.000010
0.999960 0.000010 0.000010 0.000010 0.000010
0.000010 0.110323 0.327957 0.131639 0.430071
0.000010 0.120427 0.340115 0.000010 0.539438
0.000010 0.232029 0.397835 0.049887 0.320238
0.000010 0.000010 0.999960 0.000010 0.000010
0.000010 0.048655 0.319126 0.000010 0.632199
0.000010 0.000010 0.359325 0.000010 0.640645
0.051254 0.199866 0.413113 0.000010 0.335757
0.000010 0.000010 0.999960 0.000010 0.000010
0.000010 0.000010 0.205815 0.000010 0.794155
0.000010 0.234098 0.485420 0.001206 0.279266
0.000010 0.228811 0.399213 0.000010 0.371956
0.000010 0.000010 0.999960 0.000010 0.000010
0.040039 0.027026 0.287137 0.000010 0.645789
0.000010 0.354982 0.325051 0.000010 0.319947
0.000010 0.235503 0.475156 0.034007 0.255324
0.000010 0.000010 0.999960 0.000010 0.000010
0.000010 0.000010 0.311342 0.070989 0.617650
0.000010 0.210025 0.460600 0.000010 0.329355
0.000010 0.000010 0.999960 0.000010 0.000010
0.000010 0.000010 0.999960 0.000010 0.000010
0.000010 0.000010 0.419304 0.010218 0.570458
0.004016 0.284964 0.436456 0.008445 0.266119
0.000010 0.000010 0.999960 0.000010 0.000010
0.000010 0.000010 0.999960 0.000010 0.000010
0.000010 0.000010 0.272723 0.000010 0.727247
0.000010 0.240219 0.492743 0.000010 0.267018
0.000010 0.000010 0.999960 0.000010 0.000010
0.011439 0.000010 0.368427 0.000010 0.620114
0.000010 0.224463 0.328621 0.000010 0.446896
0.000010 0.000010 0.999960 0.000010 0.000010
0.000010 0.000010 0.972661 0.000010 0.027309
0.000010 0.000010 0.879168 0.000010 0.120802
0.000010 0.000010 0.726215 0.000010 0.273755
0.000010 0.092780 0.907190 0.000010 0.000010
0.000010 0.000010 0.970969 0.029001 0.000010
0.044802 0.023123 0.720123 0.000010 0.211942
0.000010 0.000010 0.999960 0.000010 0.000010
0.000010 0.163490 0.836480 0.000010 0.000010
0.000010 0.000010 0.890617 0.000010 0.109353
0.000010 0.134603 0.669462 0.000010 0.195915
0.000010 0.105375 0.894595 0.000010 0.000010
0.000010 0.000010 0.999960 0.000010 0.000010
0.014629 0.000010 0.913795 0.000010 0.071556
0.000010 0.147595 0.685310 0.000010 0.167075
0.009145 0.000010 0.990825 0.000010 0.000010
0.000010 0.000010 0.999960 0.000010 0.000010
0.000010 0.000010 0.811628 0.000010 0.188342
0.000010 0.113873 0.886097 0.000010 0.000010
0.039886 0.000010 0.840107 0.000010 0.119987
0.000010 0.000010 0.935422 0.064548 0.000010
0.000010 0.103541 0.896429 0.000010 0.000010
0.000010 0.000010 0.990624 0.009346 0.000010
0.010922 0.000010 0.802622 0.000010 0.186437
0.000010 0.221665 0.660483 0.060511 0.057330
0.000010 0.000010 0.999960 0.000010 0.000010
0.000010 0.000010 0.940434 0.059536 0.000010
0.000010 0.000010 0.891724 0.000010 0.108246
0.000010 0.074931 0.737722 0.039247 0.148089
0.000010 0.000010 0.999960 0.000010 0.000010
0.019629 0.297492 0.482588 0.116908 0.083384
0.000010 0.346974 0.410603 0.000010 0.242402
0.000010 0.052683 0.671585 0.089911 0.185811
0.000010 0.975295 0.024675 0.000010 0.000010
0.000010 0.000010 0.129905 0.003223 0.866852
0.000010 0.252732 0.422727 0.001323 0.323208
0.010670 0.276574 0.516760 0.090411 0.105585
0.000010 0.999960 0.000010 0.000010 0.000010
0.000010 0.999960 0.000010 0.000010 0.000010
0.000010 0.000010 0.000010 0.000010 0.999960
0.022570 0.152105 0.453977 0.000010 0.371337
0.049939 0.080755 0.594019 0.000010 0.275277
0.027303 0.952886 0.019791 0.000010 0.000010
0.000010 0.999960 0.000010 0.000010 0.000010
0.000010 0.000010 0.000010 0.000010 0.999960
0.002303 0.179071 0.548250 0.036657 0.233719
0.010128 0.266599 0.512160 0.026319 0.184795
0.000010 0.998344 0.000010 0.001626 0.000010
0.035971 0.817315 0.146695 0.000010 0.000010
0.000010 0.000010 0.000010 0.000010 0.999960
0.066818 0.373063 0.282889 0.034012 0.243218
0.017111 0.311826 0.452317 0.042538 0.176208
0.000010 0.999960 0.000010 0.000010 0.000010
0.000010 0.999960 0.000010 0.000010 0.000010
0.000010 0.000010 0.177856 0.000010 0.822114
0.000010 0.255236 0.443617 0.007335 0.293802
0.000010 0.163477 0.470283 0.000010 0.366220
0.009012 0.257595 0.487622 0.056339 0.189432
0.000010 0.999960 0.000010 0.000010 0.000010
0.000010 0.152742 0.608086 0.053139 0.186024
0.035136 0.000010 0.578207 0.034994 0.351654
0.043120 0.313706 0.469574 0.000010 0.173590
0.000010 0.994447 0.005523 0.000010 0.000010
0.003060 0.254331 0.405910 0.000010 0.336689
0.020638 0.330958 0.456825 0.032463 0.159116
0.000010 0.207125 0.640687 0.000010 0.152168
0.000010 0.970296 0.029674 0.000010 0.000010
0.000010 0.092100 0.012041 0.000010 0.895839
0.015407 0.901180 0.000010 0.000010 0.083393
0.000010 0.999960 0.000010 0.000010 0.000010
0.109214 0.789788 0.100978 0.000010 0.000010
0.000010 0.999960 0.000010 0.000010 0.000010
0.000010 0.816594 0.000010 0.006847 0.176539
0.002224 0.879811 0.054464 0.063491 0.000010
0.089706 0.615227 0.099455 0.000010 0.195601
0.005912 0.920614 0.000010 0.067024 0.006441
0.082918 0.589034 0.188396 0.097134 0.042517
0.057056 0.843858 0.019737 0.049201 0.030148
0.015661 0.882740 0.000010 0.014504 0.087084
0.208632 0.154331 0.098888 0.280001 0.258148
0.181350 0.243315 0.085197 0.239842 0.250296
0.344705 0.231517 0.000010 0.113111 0.310658
0.390982 0.126582 0.000010 0.123236 0.359190
0.225052 0.373577 0.000010 0.152937 0.248424
0.380949 0.213060 0.000010 0.021847 0.384133
0.259172 0.167830 0.000010 0.033695 0.539293
0.215097 0.242751 0.044844 0.191572 0.305736
0.405983 0.328358 0.000010 0.169399 0.096250
0.329774 0.289666 0.014005 0.128756 0.237800
0.586081 0.104307 0.126033 0.145469 0.038111
0.640118 0.226527 0.000010 0.111525 0.021820
0.620725 0.266218 0.000010 0.113037 0.000010
0.287667 0.148077 0.000010 0.135577 0.428670
0.351925 0.226117 0.000010 0.126086 0.295861
0.215284 0.264697 0.000010 0.125040 0.394969
0.333669 0.242055 0.000010 0.081067 0.343199
0.325370 0.311550 0.000010 0.055016 0.308054
0.225450 0.260726 0.000010 0.049146 0.464667
0.367176 0.198388 0.000010 0.178534 0.255892
0.321239 0.303071 0.000010 0.068600 0.307080
0.220050 0.212781 0.000010 0.109714 0.457446
0.318458 0.257467 0.004700 0.140128 0.279247
0.128216 0.277515 0.000010 0.120513 0.473747
0.220507 0.323781 0.000010 0.090689 0.365013
0.211821 0.255235 0.000010 0.212776 0.320157
0.323416 0.269334 0.000010 0.073311 0.333930
0.391179 0.104315 0.042293 0.110478 0.351736
0.360734 0.158713 0.000010 0.087134 0.393409
0.279569 0.251171 0.000010 0.218348 0.250902
0.263876 0.255586 0.000010 0.242550 0.237977
0.189293 0.291452 0.000010 0.140342 0.378904
0.148238 0.151184 0.000010 0.147952 0.552616
0.000010 0.795101 0.064425 0.128641 0.011823
0.118576 0.816875 0.044700 0.019839 0.000010
0.395438 0.249122 0.000010 0.077844 0.277585
0.337631 0.233407 0.049048 0.153604 0.226310
0.559269 0.113977 0.000010 0.035514 0.291230
0.335126 0.272019 0.014905 0.147534 0.230416
0.384036 0.191469 0.037373 0.071972 0.315150
0.657162 0.197584 0.003174 0.142070 0.000010
0.254360 0.349581 0.000010 0.265455 0.130593
0.762504 0.151122 0.000010 0.029981 0.056382
0.514838 0.188836 0.000010 0.089797 0.206519
0.416923 0.193090 0.000010 0.030986 0.358991
0.092354 0.281343 0.000010 0.222456 0.403836
0.100089 0.370497 0.000010 0.261606 0.267798
0.145784 0.277461 0.000010 0.131616 0.445130
0.188856 0.419466 0.000010 0.144283 0.247385
0.187998 0.251647 0.000010 0.123360 0.436986
0.197948 0.330482 0.014060 0.228742 0.228769
0.311984 0.275940 0.000010 0.123267 0.288798
0.319636 0.251059 0.000010 0.155957 0.273338
0.236713 0.408851 0.000010 0.156322 0.198105
0.333301 0.319814 0.000010 0.191093 0.155782
0.200329 0.368395 0.000010 0.126845 0.304420
0.371838 0.308913 0.000010 0.156483 0.162755
0.526850 0.142716 0.000010 0.032096 0.298327
0.362756 0.135511 0.000010 0.086537 0.415187
0.393161 0.149912 0.000010 0.064074 0.392842
0.000010 0.865620 0.073383 0.060977 0.000010
0.000010 0.158321 0.461467 0.061753 0.318449
0.000010 0.981060 0.018910 0.000010 0.000010
0.000010 0.889612 0.110358 0.000010 0.000010
0.000010 0.122965 0.493341 0.000010 0.383674
0.000010 0.108027 0.492413 0.000010 0.399540
0.000010 0.000010 0.139050 0.000010 0.860920
0.999960 0.000010 0.000010 0.000010 0.000010
0.040503 0.066261 0.512497 0.066042 0.314696
0.000010 0.999960 0.000010 0.000010 0.000010
0.000010 0.202344 0.451930 0.000010 0.345706
0.007114 0.841501 0.101539 0.049835 0.000010
0.000010 0.912552 0.087418 0.000010 0.000010
0.000010 0.999960 0.000010 0.000010 0.000010
0.000010 0.011459 0.494964 0.044499 0.449068
0.000010 0.839577 0.143525 0.000010 0.016879
0.000010 0.000010 0.165885 0.000010 0.834085
0.999960 0.000010 0.000010 0.000010 0.000010
0.000010 0.000010 0.264459 0.074761 0.660760
0.013150 0.000010 0.155884 0.000010 0.830946
0.000010 0.921198 0.078772 0.000010 0.000010
0.000010 0.000010 0.102643 0.000010 0.897327
0.005247 0.084392 0.491006 0.031136 0.388219
0.000010 0.868421 0.131549 0.000010 0.000010
0.543928 0.164152 0.102139 0.168321 0.021460
0.000010 0.000010 0.147614 0.000010 0.852356
0.000010 0.293220 0.351915 0.000010 0.354845
0.000010 0.000010 0.092584 0.000010 0.907386
0.000010 0.147072 0.450395 0.039305 0.363218
0.574619 0.122870 0.102776 0.115132 0.084604
0.681851 0.145157 0.000010 0.059147 0.113836
0.000010 0.999960 0.000010 0.000010 0.000010
0.000010 0.284651 0.271904 0.000010 0.443425
0.000010 0.000010 0.202491 0.000010 0.797479
0.021589 0.074900 0.132929 0.039408 0.731173
0.999960 0.000010 0.000010 0.000010 0.000010
0.000010 0.000010 0.057503 0.000010 0.942467
0.000010 0.999960 0.000010 0.000010 0.000010
0.627872 0.202933 0.000010 0.109572 0.059613
0.983715 0.016255 0.000010 0.000010 0.000010
0.943209 0.000010 0.004637 0.052134 0.000010
0.000010 0.008614 0.122538 0.000010 0.868827
0.000010 0.000010 0.157061 0.000010 0.842909
0.000010 0.000010 0.199536 0.007986 0.792458
0.020369 0.162682 0.070329 0.007345 0.739275
0.580317 0.223251 0.000010 0.070159 0.126262
0.999960 0.000010 0.000010 0.000010 0.000010
0.000010 0.006423 0.115821 0.000010 0.877735
0.000010 0.000010 0.049543 0.000010 0.950427
0.545383 0.191047 0.000010 0.125551 0.138009
0.000010 0.031340 0.110219 0.007807 0.850624
0.768349 0.146866 0.000010 0.030371 0.054404
0.999960 0.000010 0.000010 0.000010 0.000010
0.000010 0.000010 0.139246 0.092905 0.767829
0.000010 0.000010 0.158907 0.000334 0.840738
0.999960 0.000010 0.000010 0.000010 0.000010
0.014372 0.000010 0.198820 0.011631 0.775167
0.999960 0.000010 0.000010 0.000010 0.000010
